# bins	normalized counts
1.000000000000000000e+00 1.559425557882979617e-02
3.000000000000000000e+00 1.333283610354748377e-02
5.000000000000000000e+00 1.420455692308848078e-02
7.000000000000000000e+00 1.408756116658674111e-02
9.000000000000000000e+00 1.224367329527977638e-02
1.100000000000000000e+01 1.203267916952396356e-02
1.300000000000000000e+01 1.097052976131698658e-02
1.500000000000000000e+01 1.027025544600644776e-02
1.700000000000000000e+01 9.483579308012633421e-03
1.900000000000000000e+01 8.793142716770990103e-03
2.100000000000000000e+01 8.313818484625137492e-03
2.300000000000000000e+01 7.703764288419199212e-03
2.500000000000000000e+01 6.943352548539523557e-03
2.700000000000000000e+01 7.031470493961415776e-03
2.900000000000000000e+01 6.272142337618661842e-03
3.100000000000000000e+01 6.070889713590317364e-03
3.300000000000000000e+01 5.917525236087737769e-03
3.500000000000000000e+01 5.519088237946990355e-03
3.700000000000000000e+01 5.379126770568887043e-03
3.900000000000000000e+01 5.235068845144257368e-03
4.100000000000000000e+01 4.987396223444399979e-03
4.300000000000000000e+01 4.995733155080492316e-03
4.500000000000000000e+01 5.116412881584225629e-03
4.700000000000000000e+01 4.720151562701213437e-03
4.900000000000000000e+01 4.763873533448460817e-03
5.100000000000000000e+01 4.952842597823248205e-03
5.300000000000000000e+01 5.070671814104644494e-03
5.500000000000000000e+01 5.021111472781256829e-03
5.700000000000000000e+01 5.240964281937790688e-03
5.900000000000000000e+01 5.345112170475077584e-03
6.100000000000000000e+01 5.601098530122958219e-03
6.300000000000000000e+01 5.817315669563886092e-03
6.500000000000000000e+01 6.437093701834430484e-03
6.700000000000000000e+01 7.253695428317211667e-03
6.900000000000000000e+01 7.835967636308604004e-03
7.100000000000000000e+01 9.033388835562082900e-03
7.300000000000000000e+01 1.042079783848265384e-02
7.500000000000000000e+01 1.212830299260003394e-02
7.700000000000000000e+01 1.317196117784793542e-02
7.900000000000000000e+01 1.420443219277909425e-02
8.100000000000000000e+01 1.475745074769166561e-02
8.300000000000000000e+01 1.512848095148034908e-02
8.500000000000000000e+01 1.507307314256352282e-02
8.700000000000000000e+01 1.503222409848563486e-02
8.900000000000000000e+01 1.499344357800819205e-02
9.100000000000000000e+01 1.477650322593763998e-02
9.300000000000000000e+01 1.488878684563748993e-02
9.500000000000000000e+01 1.499296277835529545e-02
9.700000000000000000e+01 1.506456940753160383e-02
9.900000000000000000e+01 1.482167663189473163e-02
1.010000000000000000e+02 1.405434133309607300e-02
1.030000000000000000e+02 1.321606372643448039e-02
1.050000000000000000e+02 1.224481944056387758e-02
1.070000000000000000e+02 1.049783043030716630e-02
1.090000000000000000e+02 9.078837126301614324e-03
1.110000000000000000e+02 7.862270185017890961e-03
1.130000000000000000e+02 7.320385855178847441e-03
1.150000000000000000e+02 6.685455787839966746e-03
1.170000000000000000e+02 6.315680257126208078e-03
1.190000000000000000e+02 5.806986863728145522e-03
1.210000000000000000e+02 5.297366639698167234e-03
1.230000000000000000e+02 5.453237974921305679e-03
1.250000000000000000e+02 5.193477986025986717e-03
1.270000000000000000e+02 5.119354363103123529e-03
1.290000000000000000e+02 5.105561827314873506e-03
1.310000000000000000e+02 4.972648867583651273e-03
1.330000000000000000e+02 4.862847312373862890e-03
1.350000000000000000e+02 4.745993849433331399e-03
1.370000000000000000e+02 5.013735797080781653e-03
1.390000000000000000e+02 5.314898789711855996e-03
1.410000000000000000e+02 5.274087991816140721e-03
1.430000000000000000e+02 5.130911692028099040e-03
1.450000000000000000e+02 5.590440380648310087e-03
1.470000000000000000e+02 5.917525236087736035e-03
1.490000000000000000e+02 6.035131855329637848e-03
1.510000000000000000e+02 6.495845933778680338e-03
1.530000000000000000e+02 6.508617559795052722e-03
1.550000000000000000e+02 7.098294864824923264e-03
1.570000000000000000e+02 7.593785328489354239e-03
1.590000000000000000e+02 8.079706837736656821e-03
1.610000000000000000e+02 8.943990054299586281e-03
1.630000000000000000e+02 9.399591889786697990e-03
1.650000000000000000e+02 1.042838101099498836e-02
1.670000000000000000e+02 1.038834576071640849e-02
1.690000000000000000e+02 1.062779416844762681e-02
1.710000000000000000e+02 1.217826905759130697e-02
1.730000000000000000e+02 1.170325403231341210e-02
1.750000000000000000e+02 1.211496094597298151e-02
1.770000000000000000e+02 1.255085158134529137e-02
1.790000000000000000e+02 1.336650478185416602e-02
