# bins	normalized counts
1.000000000000000000e+00 2.240128878719468801e-03
3.000000000000000000e+00 2.353090948940578849e-03
5.000000000000000000e+00 2.579289912253811788e-03
7.000000000000000000e+00 2.694716849995920649e-03
9.000000000000000000e+00 2.367964027074093581e-03
1.100000000000000000e+01 2.120654058875579354e-03
1.300000000000000000e+01 2.189832189026678488e-03
1.500000000000000000e+01 2.043004703292970910e-03
1.700000000000000000e+01 2.072643846831714876e-03
1.900000000000000000e+01 2.026423377981666218e-03
2.100000000000000000e+01 1.955502275953997955e-03
2.300000000000000000e+01 2.001153059622767967e-03
2.500000000000000000e+01 1.928795229109424650e-03
2.700000000000000000e+01 2.051702878171887071e-03
2.900000000000000000e+01 2.153120597070535495e-03
3.100000000000000000e+01 2.328485611246161255e-03
3.300000000000000000e+01 2.544695361444377062e-03
3.500000000000000000e+01 2.659989569248673996e-03
3.700000000000000000e+01 2.947690870911384882e-03
3.900000000000000000e+01 3.085989152576250599e-03
4.100000000000000000e+01 3.517397107814463318e-03
4.300000000000000000e+01 3.779158713178446764e-03
4.500000000000000000e+01 4.340232331557921167e-03
4.700000000000000000e+01 4.653391956800597730e-03
4.900000000000000000e+01 5.089569150276630066e-03
5.100000000000000000e+01 5.713582126111449444e-03
5.300000000000000000e+01 6.141159432632289569e-03
5.500000000000000000e+01 6.968136661121833268e-03
5.700000000000000000e+01 7.515697755029678538e-03
5.900000000000000000e+01 8.242917657222747357e-03
6.100000000000000000e+01 8.986966895608034661e-03
6.300000000000000000e+01 9.737638947350118340e-03
6.500000000000000000e+01 1.030010057745311264e-02
6.700000000000000000e+01 1.111384852619333105e-02
6.900000000000000000e+01 1.161042561412862877e-02
7.100000000000000000e+01 1.248927124759792104e-02
7.300000000000000000e+01 1.308019209595880084e-02
7.500000000000000000e+01 1.358333767864259439e-02
7.700000000000000000e+01 1.433029216556259804e-02
7.900000000000000000e+01 1.466942004235540636e-02
8.100000000000000000e+01 1.525527730453925083e-02
8.300000000000000000e+01 1.538740703312961068e-02
8.500000000000000000e+01 1.572251957384984689e-02
8.700000000000000000e+01 1.584371863749188189e-02
8.900000000000000000e+01 1.592314703430956074e-02
9.100000000000000000e+01 1.595051815082750013e-02
9.300000000000000000e+01 1.582022906204711907e-02
9.500000000000000000e+01 1.555867178796323767e-02
9.700000000000000000e+01 1.541891842600431536e-02
9.900000000000000000e+01 1.496038416515467137e-02
1.010000000000000000e+02 1.462859697700981572e-02
1.030000000000000000e+02 1.410559767829632112e-02
1.050000000000000000e+02 1.369363146640868723e-02
1.070000000000000000e+02 1.303624395873999829e-02
1.090000000000000000e+02 1.259367584915456473e-02
1.110000000000000000e+02 1.176537087931267198e-02
1.130000000000000000e+02 1.108093276195219398e-02
1.150000000000000000e+02 1.039500256162397170e-02
1.170000000000000000e+02 9.545672425350988644e-03
1.190000000000000000e+02 9.003729455099964904e-03
1.210000000000000000e+02 8.501755990075087616e-03
1.230000000000000000e+02 7.619418812588625058e-03
1.250000000000000000e+02 6.964557138864408380e-03
1.270000000000000000e+02 6.319838045060413231e-03
1.290000000000000000e+02 5.878336530364277300e-03
1.310000000000000000e+02 5.339514912618458300e-03
1.330000000000000000e+02 4.613299550509953988e-03
1.350000000000000000e+02 4.247622278623404239e-03
1.370000000000000000e+02 3.799222506119098123e-03
1.390000000000000000e+02 3.520376690286140288e-03
1.410000000000000000e+02 3.196258518370369631e-03
1.430000000000000000e+02 2.866487265652118820e-03
1.450000000000000000e+02 2.637837189748205077e-03
1.470000000000000000e+02 2.519571429808112675e-03
1.490000000000000000e+02 2.336076436384696906e-03
1.510000000000000000e+02 2.189409146459364835e-03
1.530000000000000000e+02 2.036632657660655561e-03
1.550000000000000000e+02 1.965798494895695976e-03
1.570000000000000000e+02 1.863573786773702707e-03
1.590000000000000000e+02 1.941865579468963349e-03
1.610000000000000000e+02 1.900334812240585605e-03
1.630000000000000000e+02 1.958982732650622199e-03
1.650000000000000000e+02 1.873069007085605316e-03
1.670000000000000000e+02 2.194177094163634201e-03
1.690000000000000000e+02 2.223101114859905338e-03
1.710000000000000000e+02 2.136790757940209683e-03
1.730000000000000000e+02 2.470157112496259438e-03
1.750000000000000000e+02 2.579289912253810921e-03
1.770000000000000000e+02 2.409116923915355455e-03
1.790000000000000000e+02 2.632151432495386835e-03
