# bins	normalized counts
1.000000000000000000e+00 0.000000000000000000e+00
3.000000000000000000e+00 5.910821818133205193e-04
5.000000000000000000e+00 2.366250746699222012e-04
7.000000000000000000e+00 3.384482686021604613e-04
9.000000000000000000e+00 6.591652974385594273e-05
1.100000000000000000e+01 1.080831335801490868e-04
1.300000000000000000e+01 9.167876183435007948e-05
1.500000000000000000e+01 1.593641157852821876e-04
1.700000000000000000e+01 1.058065835498752744e-04
1.900000000000000000e+01 2.217087835107002883e-04
2.100000000000000000e+01 2.589644350948465271e-04
2.300000000000000000e+01 1.319528483391827151e-04
2.500000000000000000e+01 3.659904694599545915e-04
2.700000000000000000e+01 2.952727468045172215e-04
2.900000000000000000e+01 2.339635663336061058e-04
3.100000000000000000e+01 2.402529266114405342e-04
3.300000000000000000e+01 3.218599455464463393e-04
3.500000000000000000e+01 5.033771605662185804e-04
3.700000000000000000e+01 6.168310862299634673e-04
3.900000000000000000e+01 7.701101205024875026e-04
4.100000000000000000e+01 8.801807920922848213e-04
4.300000000000000000e+01 1.058379663374927823e-03
4.500000000000000000e+01 1.297871754946539015e-03
4.700000000000000000e+01 1.297140861031066553e-03
4.900000000000000000e+01 1.366302659725722631e-03
5.100000000000000000e+01 1.220708614965986157e-03
5.300000000000000000e+01 8.521618659728072854e-04
5.500000000000000000e+01 9.441120064046402624e-04
5.700000000000000000e+01 7.868923956103512007e-04
5.900000000000000000e+01 7.338224878852436751e-04
6.100000000000000000e+01 7.191795885692891382e-04
6.300000000000000000e+01 8.448288822960706721e-04
6.500000000000000000e+01 1.274292385116202386e-03
6.700000000000000000e+01 1.557096377109614370e-03
6.900000000000000000e+01 2.286364058682020545e-03
7.100000000000000000e+01 3.315356958080677065e-03
7.300000000000000000e+01 4.916944471510441284e-03
7.500000000000000000e+01 6.810887037283022000e-03
7.700000000000000000e+01 8.222878299773818053e-03
7.900000000000000000e+01 1.109287498064206665e-02
8.100000000000000000e+01 1.651632152649694374e-02
8.300000000000000000e+01 2.379093712286046991e-02
8.500000000000000000e+01 3.805029720977277929e-02
8.700000000000000000e+01 5.346682760602646661e-02
8.900000000000000000e+01 6.318890175013942845e-02
9.100000000000000000e+01 6.439554472464022183e-02
9.300000000000000000e+01 5.570751929982865891e-02
9.500000000000000000e+01 3.885767565981693150e-02
9.700000000000000000e+01 2.304292512598450637e-02
9.900000000000000000e+01 1.479369633568025817e-02
1.010000000000000000e+02 9.811311772651220425e-03
1.030000000000000000e+02 7.164592804307432297e-03
1.050000000000000000e+02 5.572543939595200370e-03
1.070000000000000000e+02 3.903363812909603752e-03
1.090000000000000000e+02 2.911843117787962874e-03
1.110000000000000000e+02 2.330545006675876270e-03
1.130000000000000000e+02 1.904362475601686878e-03
1.150000000000000000e+02 1.718019197790594116e-03
1.170000000000000000e+02 1.620219774266436772e-03
1.190000000000000000e+02 1.851003203366858880e-03
1.210000000000000000e+02 1.972899803494753117e-03
1.230000000000000000e+02 2.372972380512465822e-03
1.250000000000000000e+02 2.530220177164436458e-03
1.270000000000000000e+02 3.227885855957603189e-03
1.290000000000000000e+02 3.502902982076307441e-03
1.310000000000000000e+02 3.456745729106077813e-03
1.330000000000000000e+02 2.805772079838936891e-03
1.350000000000000000e+02 2.362418250576846408e-03
1.370000000000000000e+02 2.010921360412362430e-03
1.390000000000000000e+02 1.430293787149962848e-03
1.410000000000000000e+02 9.831193027691328620e-04
1.430000000000000000e+02 9.423808261846666192e-04
1.450000000000000000e+02 9.707988096634217415e-04
1.470000000000000000e+02 6.058540151462517287e-04
1.490000000000000000e+02 4.604847760052608002e-04
1.510000000000000000e+02 4.253883024247383151e-04
1.530000000000000000e+02 3.861258996674454889e-04
1.550000000000000000e+02 9.759745852265455863e-05
1.570000000000000000e+02 2.111245573426923496e-04
1.590000000000000000e+02 1.726429567298977028e-04
1.610000000000000000e+02 1.583634167933574107e-04
1.630000000000000000e+02 1.763443059164589036e-04
1.650000000000000000e+02 1.195230868389615051e-04
1.670000000000000000e+02 9.167876183435001171e-05
1.690000000000000000e+02 1.621247003702234947e-04
1.710000000000000000e+02 0.000000000000000000e+00
1.730000000000000000e+02 8.461206715054006111e-05
1.750000000000000000e+02 0.000000000000000000e+00
1.770000000000000000e+02 0.000000000000000000e+00
1.790000000000000000e+02 0.000000000000000000e+00
