# bins	emim	tam	tf2n	[6.26399994 3.46200001 6.2673502 ]
1.014999999999999930e-02 0.000000000000000000e+00 0.000000000000000000e+00 0.000000000000000000e+00
3.044999999999999790e-02 0.000000000000000000e+00 0.000000000000000000e+00 0.000000000000000000e+00
5.074999999999999650e-02 0.000000000000000000e+00 0.000000000000000000e+00 0.000000000000000000e+00
7.105000000000000204e-02 0.000000000000000000e+00 0.000000000000000000e+00 0.000000000000000000e+00
9.134999999999998677e-02 0.000000000000000000e+00 0.000000000000000000e+00 0.000000000000000000e+00
1.116499999999999992e-01 0.000000000000000000e+00 0.000000000000000000e+00 0.000000000000000000e+00
1.319500000000000117e-01 0.000000000000000000e+00 0.000000000000000000e+00 0.000000000000000000e+00
1.522499999999999964e-01 0.000000000000000000e+00 0.000000000000000000e+00 0.000000000000000000e+00
1.725499999999999812e-01 0.000000000000000000e+00 0.000000000000000000e+00 0.000000000000000000e+00
1.928499999999999659e-01 0.000000000000000000e+00 0.000000000000000000e+00 0.000000000000000000e+00
2.131500000000000061e-01 0.000000000000000000e+00 0.000000000000000000e+00 0.000000000000000000e+00
2.334499999999999909e-01 0.000000000000000000e+00 0.000000000000000000e+00 0.000000000000000000e+00
2.537499999999999756e-01 0.000000000000000000e+00 0.000000000000000000e+00 0.000000000000000000e+00
2.740500000000000158e-01 0.000000000000000000e+00 0.000000000000000000e+00 0.000000000000000000e+00
2.943500000000000005e-01 0.000000000000000000e+00 0.000000000000000000e+00 0.000000000000000000e+00
3.146499999999999853e-01 0.000000000000000000e+00 0.000000000000000000e+00 0.000000000000000000e+00
3.349499999999999700e-01 0.000000000000000000e+00 0.000000000000000000e+00 0.000000000000000000e+00
3.552499999999999547e-01 0.000000000000000000e+00 0.000000000000000000e+00 0.000000000000000000e+00
3.755499999999999394e-01 0.000000000000000000e+00 0.000000000000000000e+00 0.000000000000000000e+00
3.958499999999999797e-01 0.000000000000000000e+00 0.000000000000000000e+00 0.000000000000000000e+00
4.161499999999999644e-01 0.000000000000000000e+00 0.000000000000000000e+00 0.000000000000000000e+00
4.364500000000000046e-01 0.000000000000000000e+00 0.000000000000000000e+00 0.000000000000000000e+00
4.567499999999999893e-01 0.000000000000000000e+00 0.000000000000000000e+00 0.000000000000000000e+00
4.770499999999999741e-01 0.000000000000000000e+00 0.000000000000000000e+00 0.000000000000000000e+00
4.973499999999999588e-01 0.000000000000000000e+00 0.000000000000000000e+00 0.000000000000000000e+00
5.176499999999999435e-01 0.000000000000000000e+00 0.000000000000000000e+00 0.000000000000000000e+00
5.379499999999999282e-01 0.000000000000000000e+00 0.000000000000000000e+00 0.000000000000000000e+00
5.582499999999999130e-01 0.000000000000000000e+00 0.000000000000000000e+00 0.000000000000000000e+00
5.785500000000000087e-01 0.000000000000000000e+00 0.000000000000000000e+00 0.000000000000000000e+00
5.988499999999999934e-01 0.000000000000000000e+00 0.000000000000000000e+00 0.000000000000000000e+00
6.191499999999999782e-01 0.000000000000000000e+00 0.000000000000000000e+00 0.000000000000000000e+00
6.394499999999999629e-01 0.000000000000000000e+00 0.000000000000000000e+00 0.000000000000000000e+00
6.597499999999999476e-01 0.000000000000000000e+00 0.000000000000000000e+00 0.000000000000000000e+00
6.800499999999999323e-01 0.000000000000000000e+00 0.000000000000000000e+00 0.000000000000000000e+00
7.003499999999999170e-01 0.000000000000000000e+00 0.000000000000000000e+00 0.000000000000000000e+00
7.206499999999999018e-01 0.000000000000000000e+00 0.000000000000000000e+00 0.000000000000000000e+00
7.409499999999999975e-01 0.000000000000000000e+00 0.000000000000000000e+00 0.000000000000000000e+00
7.612499999999999822e-01 0.000000000000000000e+00 0.000000000000000000e+00 0.000000000000000000e+00
7.815499999999999670e-01 0.000000000000000000e+00 0.000000000000000000e+00 0.000000000000000000e+00
8.018499999999999517e-01 0.000000000000000000e+00 0.000000000000000000e+00 0.000000000000000000e+00
8.221499999999999364e-01 0.000000000000000000e+00 0.000000000000000000e+00 0.000000000000000000e+00
8.424499999999999211e-01 0.000000000000000000e+00 0.000000000000000000e+00 0.000000000000000000e+00
8.627499999999999059e-01 0.000000000000000000e+00 0.000000000000000000e+00 0.000000000000000000e+00
8.830499999999998906e-01 0.000000000000000000e+00 0.000000000000000000e+00 0.000000000000000000e+00
9.033499999999999863e-01 0.000000000000000000e+00 0.000000000000000000e+00 0.000000000000000000e+00
9.236499999999999710e-01 0.000000000000000000e+00 0.000000000000000000e+00 0.000000000000000000e+00
9.439499999999999558e-01 0.000000000000000000e+00 0.000000000000000000e+00 0.000000000000000000e+00
9.642499999999999405e-01 0.000000000000000000e+00 0.000000000000000000e+00 0.000000000000000000e+00
9.845499999999999252e-01 0.000000000000000000e+00 0.000000000000000000e+00 0.000000000000000000e+00
1.004849999999999799e+00 0.000000000000000000e+00 0.000000000000000000e+00 0.000000000000000000e+00
1.025150000000000006e+00 0.000000000000000000e+00 0.000000000000000000e+00 0.000000000000000000e+00
1.045449999999999768e+00 0.000000000000000000e+00 0.000000000000000000e+00 0.000000000000000000e+00
1.065749999999999975e+00 0.000000000000000000e+00 0.000000000000000000e+00 0.000000000000000000e+00
1.086049999999999738e+00 0.000000000000000000e+00 0.000000000000000000e+00 0.000000000000000000e+00
1.106349999999999945e+00 1.326472107213047666e-03 0.000000000000000000e+00 0.000000000000000000e+00
1.126649999999999929e+00 1.291099517687366582e-01 0.000000000000000000e+00 0.000000000000000000e+00
1.146949999999999914e+00 1.255284770792614246e+00 0.000000000000000000e+00 0.000000000000000000e+00
1.167250000000000121e+00 5.079503855887830710e+00 3.095101583497111581e-03 0.000000000000000000e+00
1.187549999999999883e+00 9.815009278638411772e+00 1.176138601728902305e-01 9.285304750491333442e-03
1.207850000000000090e+00 1.112202646161233410e+01 6.512978046416064704e-01 1.445854596862222174e-01
1.228149999999999853e+00 9.188914444033851936e+00 1.123079717440380376e+00 4.788564307039102630e-01
1.248450000000000060e+00 6.176938445922091958e+00 9.789364151232292643e-01 8.772402202368956292e-01
1.268749999999999822e+00 3.738882712864510793e+00 6.933027547033530080e-01 1.293752461901792605e+00
1.289050000000000029e+00 2.250138851202399870e+00 4.903525222997566768e-01 1.760228486271714354e+00
1.309349999999999792e+00 1.537381172259922435e+00 3.630112000073040801e-01 2.325305603944472832e+00
1.329649999999999999e+00 1.303479924021354819e+00 2.493767561560529811e-01 3.374987198119064669e+00
1.349949999999999761e+00 1.280045583460591052e+00 1.759786328902643304e-01 5.339492388901588171e+00
1.370249999999999968e+00 1.265896547650318560e+00 9.992756541004960136e-02 7.338043697102579976e+00
1.390549999999999731e+00 1.224333754957643183e+00 7.339812326578863677e-02 7.542320401613389791e+00
1.410849999999999937e+00 1.163758195394913875e+00 5.482751376480597683e-02 6.207005147018921143e+00
1.431149999999999700e+00 8.975794592141622674e-01 5.040594007409581606e-02 4.470211001307970555e+00
1.451449999999999907e+00 6.371487688313339781e-01 3.537258952568127224e-02 3.061939780816785195e+00
1.471749999999999892e+00 4.386201101184478146e-01 3.006670109682908418e-02 2.151095600530492646e+00
1.492049999999999876e+00 3.245435088981256655e-01 3.625690426382330300e-02 1.612105767632924014e+00
1.512350000000000083e+00 2.568934314302602218e-01 3.669906163289431839e-02 1.268549491864744638e+00
1.532649999999999846e+00 2.166571108447978011e-01 3.581474689475228762e-02 1.070020833151858586e+00
1.552950000000000053e+00 1.918962981768209120e-01 4.156279269267549453e-02 9.307412618944884697e-01
1.573249999999999815e+00 1.994129734510281804e-01 3.625690426382330300e-02 8.577852959977708691e-01
1.593550000000000022e+00 2.011816029273122419e-01 4.244710743081752530e-02 8.639754991647651261e-01
1.613849999999999785e+00 2.011816029273122419e-01 6.632360536065239065e-02 8.688392302245462329e-01
1.634149999999999991e+00 2.148884813685137396e-01 8.224127064720895830e-02 9.373736224305537768e-01
1.654449999999999754e+00 2.113512224159456165e-01 9.860109330283654827e-02 1.063830629984864329e+00
1.674749999999999961e+00 2.666208935498226018e-01 8.091479853999591909e-02 1.307017182973922997e+00
1.695049999999999724e+00 3.196797778383445032e-01 8.356774275442201139e-02 1.688598992482209793e+00
1.715349999999999930e+00 3.983837895329853662e-01 9.417951961212639445e-02 2.215208419045789690e+00
1.735649999999999693e+00 6.092928545798599327e-01 9.904325067190757059e-02 3.107481989831099689e+00
1.755949999999999900e+00 8.383303717586462200e-01 9.285304750491334136e-02 4.436164883889502697e+00
1.776249999999999885e+00 1.004139385160277120e+00 9.860109330283654827e-02 6.007150016198822051e+00
1.796549999999999869e+00 1.145187585893931326e+00 1.030226669935467160e-01 7.263319101729578620e+00
1.816850000000000076e+00 1.144303271155789226e+00 1.282256370305946136e-01 6.750858710976270771e+00
1.837149999999999839e+00 1.105393422677539705e+00 1.879168818551817666e-01 4.766014281216480519e+00
1.857450000000000045e+00 1.146514058001144365e+00 2.851915030508052618e-01 3.019492673385967496e+00
1.877749999999999808e+00 1.359633909893373849e+00 4.558642475122174353e-01 2.042324887739022543e+00
1.898050000000000015e+00 2.038345471417383425e+00 6.760586173095833873e-01 1.537381172259922435e+00
1.918349999999999778e+00 3.511171667792937434e+00 1.105393422677539705e+00 1.133249336929013751e+00
1.938649999999999984e+00 5.969124482458714631e+00 1.632002849241119824e+00 7.140841510496906963e-01
1.958949999999999747e+00 8.763559054987535291e+00 1.835837396382858033e+00 3.877720126752809415e-01
1.979249999999999954e+00 1.066085632567126495e+01 1.096992432665190531e+00 1.114236570058960152e-01
1.999549999999999939e+00 9.239762541477020363e+00 1.936649276531049735e-01 8.843147381420318059e-03
2.019849999999999923e+00 4.621870978899329074e+00 4.421573690710159030e-03 0.000000000000000000e+00
2.040149999999999686e+00 1.068694361044645547e+00 0.000000000000000000e+00 0.000000000000000000e+00
2.060449999999999893e+00 1.282256370305946136e-01 0.000000000000000000e+00 0.000000000000000000e+00
2.080750000000000099e+00 3.537258952568127397e-03 0.000000000000000000e+00 0.000000000000000000e+00
2.101049999999999862e+00 0.000000000000000000e+00 0.000000000000000000e+00 0.000000000000000000e+00
2.121349999999999625e+00 0.000000000000000000e+00 0.000000000000000000e+00 0.000000000000000000e+00
2.141649999999999832e+00 0.000000000000000000e+00 0.000000000000000000e+00 0.000000000000000000e+00
2.161950000000000038e+00 0.000000000000000000e+00 0.000000000000000000e+00 0.000000000000000000e+00
2.182249999999999801e+00 0.000000000000000000e+00 0.000000000000000000e+00 0.000000000000000000e+00
2.202549999999999564e+00 0.000000000000000000e+00 0.000000000000000000e+00 0.000000000000000000e+00
2.222849999999999770e+00 0.000000000000000000e+00 0.000000000000000000e+00 0.000000000000000000e+00
2.243149999999999977e+00 0.000000000000000000e+00 0.000000000000000000e+00 0.000000000000000000e+00
2.263449999999999740e+00 0.000000000000000000e+00 0.000000000000000000e+00 0.000000000000000000e+00
2.283749999999999947e+00 0.000000000000000000e+00 0.000000000000000000e+00 0.000000000000000000e+00
2.304050000000000153e+00 0.000000000000000000e+00 0.000000000000000000e+00 0.000000000000000000e+00
2.324349999999999916e+00 0.000000000000000000e+00 0.000000000000000000e+00 0.000000000000000000e+00
2.344649999999999679e+00 0.000000000000000000e+00 0.000000000000000000e+00 0.000000000000000000e+00
2.364949999999999886e+00 0.000000000000000000e+00 0.000000000000000000e+00 0.000000000000000000e+00
2.385250000000000092e+00 0.000000000000000000e+00 0.000000000000000000e+00 0.000000000000000000e+00
2.405549999999999855e+00 0.000000000000000000e+00 0.000000000000000000e+00 0.000000000000000000e+00
2.425849999999999618e+00 0.000000000000000000e+00 0.000000000000000000e+00 0.000000000000000000e+00
2.446149999999999824e+00 0.000000000000000000e+00 0.000000000000000000e+00 0.000000000000000000e+00
2.466450000000000031e+00 0.000000000000000000e+00 0.000000000000000000e+00 0.000000000000000000e+00
2.486749999999999794e+00 0.000000000000000000e+00 0.000000000000000000e+00 0.000000000000000000e+00
2.507049999999999557e+00 0.000000000000000000e+00 0.000000000000000000e+00 0.000000000000000000e+00
2.527349999999999763e+00 0.000000000000000000e+00 0.000000000000000000e+00 0.000000000000000000e+00
2.547649999999999970e+00 0.000000000000000000e+00 0.000000000000000000e+00 0.000000000000000000e+00
2.567949999999999733e+00 0.000000000000000000e+00 0.000000000000000000e+00 0.000000000000000000e+00
2.588249999999999496e+00 0.000000000000000000e+00 0.000000000000000000e+00 0.000000000000000000e+00
2.608550000000000146e+00 0.000000000000000000e+00 0.000000000000000000e+00 0.000000000000000000e+00
2.628849999999999909e+00 0.000000000000000000e+00 0.000000000000000000e+00 0.000000000000000000e+00
2.649149999999999672e+00 0.000000000000000000e+00 0.000000000000000000e+00 0.000000000000000000e+00
2.669449999999999878e+00 0.000000000000000000e+00 0.000000000000000000e+00 0.000000000000000000e+00
2.689750000000000085e+00 0.000000000000000000e+00 0.000000000000000000e+00 0.000000000000000000e+00
2.710049999999999848e+00 0.000000000000000000e+00 0.000000000000000000e+00 0.000000000000000000e+00
2.730349999999999611e+00 0.000000000000000000e+00 0.000000000000000000e+00 0.000000000000000000e+00
2.750649999999999817e+00 0.000000000000000000e+00 0.000000000000000000e+00 0.000000000000000000e+00
2.770950000000000024e+00 0.000000000000000000e+00 0.000000000000000000e+00 0.000000000000000000e+00
2.791249999999999787e+00 0.000000000000000000e+00 0.000000000000000000e+00 0.000000000000000000e+00
2.811549999999999550e+00 0.000000000000000000e+00 0.000000000000000000e+00 0.000000000000000000e+00
2.831849999999999756e+00 0.000000000000000000e+00 0.000000000000000000e+00 0.000000000000000000e+00
2.852149999999999963e+00 0.000000000000000000e+00 0.000000000000000000e+00 0.000000000000000000e+00
2.872449999999999726e+00 0.000000000000000000e+00 0.000000000000000000e+00 0.000000000000000000e+00
2.892749999999999488e+00 0.000000000000000000e+00 0.000000000000000000e+00 0.000000000000000000e+00
2.913049999999999695e+00 0.000000000000000000e+00 0.000000000000000000e+00 0.000000000000000000e+00
2.933349999999999902e+00 0.000000000000000000e+00 0.000000000000000000e+00 0.000000000000000000e+00
2.953649999999999665e+00 0.000000000000000000e+00 0.000000000000000000e+00 0.000000000000000000e+00
2.973949999999999871e+00 0.000000000000000000e+00 0.000000000000000000e+00 0.000000000000000000e+00
2.994250000000000078e+00 0.000000000000000000e+00 0.000000000000000000e+00 0.000000000000000000e+00
3.014549999999999841e+00 0.000000000000000000e+00 0.000000000000000000e+00 0.000000000000000000e+00
3.034849999999999604e+00 0.000000000000000000e+00 0.000000000000000000e+00 0.000000000000000000e+00
3.055149999999999810e+00 0.000000000000000000e+00 0.000000000000000000e+00 0.000000000000000000e+00
3.075450000000000017e+00 0.000000000000000000e+00 0.000000000000000000e+00 0.000000000000000000e+00
3.095749999999999780e+00 0.000000000000000000e+00 0.000000000000000000e+00 0.000000000000000000e+00
3.116049999999999542e+00 0.000000000000000000e+00 0.000000000000000000e+00 0.000000000000000000e+00
3.136349999999999749e+00 0.000000000000000000e+00 0.000000000000000000e+00 0.000000000000000000e+00
3.156649999999999956e+00 0.000000000000000000e+00 0.000000000000000000e+00 0.000000000000000000e+00
3.176949999999999719e+00 0.000000000000000000e+00 0.000000000000000000e+00 0.000000000000000000e+00
3.197249999999999481e+00 0.000000000000000000e+00 0.000000000000000000e+00 0.000000000000000000e+00
3.217549999999999688e+00 0.000000000000000000e+00 0.000000000000000000e+00 0.000000000000000000e+00
3.237849999999999895e+00 0.000000000000000000e+00 0.000000000000000000e+00 0.000000000000000000e+00
3.258149999999999658e+00 0.000000000000000000e+00 0.000000000000000000e+00 0.000000000000000000e+00
3.278449999999999864e+00 0.000000000000000000e+00 0.000000000000000000e+00 0.000000000000000000e+00
3.298750000000000071e+00 0.000000000000000000e+00 0.000000000000000000e+00 0.000000000000000000e+00
3.319049999999999834e+00 1.193824896491742921e-02 0.000000000000000000e+00 0.000000000000000000e+00
3.339349999999999596e+00 2.078139634633774935e-01 0.000000000000000000e+00 0.000000000000000000e+00
3.359649999999999803e+00 1.633771478717403802e+00 0.000000000000000000e+00 0.000000000000000000e+00
3.379950000000000010e+00 5.595501505593706071e+00 2.033923897726673188e-02 0.000000000000000000e+00
3.400249999999999773e+00 9.399823509080727391e+00 3.890984847824940362e-01 1.414903581027250959e-02
3.420549999999999535e+00 9.682804225286178124e+00 1.542687060688774592e+00 1.370687844120149212e-01
3.440849999999999742e+00 7.671430353382126199e+00 2.140041666303717172e+00 3.661063015908011531e-01
3.461149999999999949e+00 5.327111982567600101e+00 1.713801962519257760e+00 6.707527288807311194e-01
3.481449999999999712e+00 3.176016382037107455e+00 1.173043500145405149e+00 9.966227098860699352e-01
3.501749999999999474e+00 1.904371788588865577e+00 8.011891527566809001e-01 1.455139901612713338e+00
3.522049999999999681e+00 1.307017182973922997e+00 5.602133866129771489e-01 2.007394455582412363e+00
3.542349999999999888e+00 1.171274870669121171e+00 3.148160467785633410e-01 3.250298820041038095e+00
3.562649999999999650e+00 1.118658143749670320e+00 2.166571108447978011e-01 5.316942363078966061e+00
3.582949999999999857e+00 1.121753245333167337e+00 1.268991649233815744e-01 7.006867827668389559e+00
3.603250000000000064e+00 1.046586492591094597e+00 9.550599171933943365e-02 7.018806076633306468e+00
3.623549999999999827e+00 9.356049929542696875e-01 7.693538221835677371e-02 5.533157316554692784e+00
3.643849999999999589e+00 6.619095814993107840e-01 8.975794592141622674e-02 3.991354570604060736e+00
3.664149999999999796e+00 4.527691459287203068e-01 8.179911327813794986e-02 2.756851196157784400e+00
3.684450000000000003e+00 2.953611225394386364e-01 8.489421486163505060e-02 1.979980698700009256e+00
3.704749999999999766e+00 2.281532024406442150e-01 6.632360536065239065e-02 1.493607592721891697e+00
3.725049999999999528e+00 1.600609676037077489e-01 8.489421486163505060e-02 1.239809262875128715e+00
3.745349999999999735e+00 1.569658660202106482e-01 9.241089013584233292e-02 1.045260020483881558e+00
3.765649999999999942e+00 1.410482007336540666e-01 7.870401169464083524e-02 8.944843576306652499e-01
3.785949999999999704e+00 1.569658660202106482e-01 7.074517905136254448e-02 8.374460570205041199e-01
3.806249999999999467e+00 1.348579975666598652e-01 7.826185432556981292e-02 8.210862343648765993e-01
3.826549999999999674e+00 1.428168302099381282e-01 1.052334538389017859e-01 8.750294333915404899e-01
3.846849999999999881e+00 1.516599775913584636e-01 1.295521091378076528e-01 9.501961861336132298e-01
3.867149999999999643e+00 1.445854596862222174e-01 9.860109330283654827e-02 1.099645376879616610e+00
3.887449999999999406e+00 1.830531507954005765e-01 7.295596589671762833e-02 1.303479924021354819e+00
3.907750000000000057e+00 2.334590908694963995e-01 5.350104165759292374e-02 1.678429372993576418e+00
3.928049999999999820e+00 3.431141183991083254e-01 5.482751376480597683e-02 2.232452556439559199e+00
3.948349999999999582e+00 4.996378270502480068e-01 4.686868112152768606e-02 3.217579174729782832e+00
3.968649999999999789e+00 6.791537188930804048e-01 6.234418903901324527e-02 4.672276918973425452e+00
3.988949999999999996e+00 8.595539254740549584e-01 6.765007746786542986e-02 6.117689358466575911e+00
4.009249999999999758e+00 9.753991561706610858e-01 7.958832643278286600e-02 6.843711758481184404e+00
4.029550000000000409e+00 9.930854509335017566e-01 1.286677943996656359e-01 5.872292018632162325e+00
4.049849999999999284e+00 1.028458040459182987e+00 2.210786845355079688e-01 3.783540607140683409e+00
4.070149999999999935e+00 1.107604209522894845e+00 3.837925963536418239e-01 2.407546874591681707e+00
4.090449999999999697e+00 1.527211552771289060e+00 6.367066114622629280e-01 1.689041149851280732e+00
4.110749999999999460e+00 2.423022382509167016e+00 1.017404106232407734e+00 1.218585709159719865e+00
4.131050000000000111e+00 4.185903812995308115e+00 1.593977315501012404e+00 8.286029096390837845e-01
4.151349999999998985e+00 6.583723225467426943e+00 2.314693827086768518e+00 4.899103649306856267e-01
4.171649999999999636e+00 9.071300583860962163e+00 2.335917380802177146e+00 1.932227702840339512e-01
4.191950000000000287e+00 1.019747540288484089e+01 1.010329588327271377e+00 3.227748794218416456e-02
4.212249999999999162e+00 7.581672407460709806e+00 1.070020833151858475e-01 1.768629476284063699e-03
4.232549999999999812e+00 2.954053382763457414e+00 2.652944214426095331e-03 0.000000000000000000e+00
4.252850000000000463e+00 5.619820160892612382e-01 0.000000000000000000e+00 0.000000000000000000e+00
4.273149999999999338e+00 4.775299585966971683e-02 0.000000000000000000e+00 0.000000000000000000e+00
4.293449999999999989e+00 0.000000000000000000e+00 0.000000000000000000e+00 0.000000000000000000e+00
4.313749999999999751e+00 0.000000000000000000e+00 0.000000000000000000e+00 0.000000000000000000e+00
4.334049999999999514e+00 0.000000000000000000e+00 0.000000000000000000e+00 0.000000000000000000e+00
4.354350000000000165e+00 0.000000000000000000e+00 0.000000000000000000e+00 0.000000000000000000e+00
4.374649999999999039e+00 0.000000000000000000e+00 0.000000000000000000e+00 0.000000000000000000e+00
4.394949999999999690e+00 0.000000000000000000e+00 0.000000000000000000e+00 0.000000000000000000e+00
