# bins	rho	['tam_N', 'endC', 'midC', 'branchC']
1.103749964386224747e-02 0.000000000000000000e+00 0.000000000000000000e+00 0.000000000000000000e+00 0.000000000000000000e+00
3.311249986290931702e-02 0.000000000000000000e+00 0.000000000000000000e+00 0.000000000000000000e+00 0.000000000000000000e+00
5.518750101327896118e-02 0.000000000000000000e+00 0.000000000000000000e+00 0.000000000000000000e+00 0.000000000000000000e+00
7.726249843835830688e-02 0.000000000000000000e+00 0.000000000000000000e+00 0.000000000000000000e+00 0.000000000000000000e+00
9.933750331401824951e-02 0.000000000000000000e+00 0.000000000000000000e+00 0.000000000000000000e+00 0.000000000000000000e+00
1.214125007390975952e-01 0.000000000000000000e+00 0.000000000000000000e+00 0.000000000000000000e+00 0.000000000000000000e+00
1.434874981641769409e-01 0.000000000000000000e+00 0.000000000000000000e+00 0.000000000000000000e+00 0.000000000000000000e+00
1.655624955892562866e-01 0.000000000000000000e+00 0.000000000000000000e+00 0.000000000000000000e+00 0.000000000000000000e+00
1.876374930143356323e-01 0.000000000000000000e+00 0.000000000000000000e+00 0.000000000000000000e+00 0.000000000000000000e+00
2.097125053405761719e-01 0.000000000000000000e+00 0.000000000000000000e+00 0.000000000000000000e+00 0.000000000000000000e+00
2.317875027656555176e-01 0.000000000000000000e+00 0.000000000000000000e+00 0.000000000000000000e+00 0.000000000000000000e+00
2.538625001907348633e-01 0.000000000000000000e+00 0.000000000000000000e+00 0.000000000000000000e+00 0.000000000000000000e+00
2.759374976158142090e-01 0.000000000000000000e+00 0.000000000000000000e+00 0.000000000000000000e+00 0.000000000000000000e+00
2.980124950408935547e-01 0.000000000000000000e+00 0.000000000000000000e+00 0.000000000000000000e+00 0.000000000000000000e+00
3.200874924659729004e-01 0.000000000000000000e+00 0.000000000000000000e+00 0.000000000000000000e+00 0.000000000000000000e+00
3.421624898910522461e-01 0.000000000000000000e+00 0.000000000000000000e+00 0.000000000000000000e+00 0.000000000000000000e+00
3.642374873161315918e-01 0.000000000000000000e+00 0.000000000000000000e+00 0.000000000000000000e+00 0.000000000000000000e+00
3.863124847412109375e-01 0.000000000000000000e+00 0.000000000000000000e+00 0.000000000000000000e+00 0.000000000000000000e+00
4.083874821662902832e-01 0.000000000000000000e+00 0.000000000000000000e+00 0.000000000000000000e+00 0.000000000000000000e+00
4.304625093936920166e-01 0.000000000000000000e+00 0.000000000000000000e+00 0.000000000000000000e+00 0.000000000000000000e+00
4.525375068187713623e-01 0.000000000000000000e+00 0.000000000000000000e+00 0.000000000000000000e+00 0.000000000000000000e+00
4.746125042438507080e-01 0.000000000000000000e+00 0.000000000000000000e+00 0.000000000000000000e+00 0.000000000000000000e+00
4.966875016689300537e-01 0.000000000000000000e+00 0.000000000000000000e+00 0.000000000000000000e+00 0.000000000000000000e+00
5.187624692916870117e-01 0.000000000000000000e+00 0.000000000000000000e+00 0.000000000000000000e+00 0.000000000000000000e+00
5.408375263214111328e-01 0.000000000000000000e+00 0.000000000000000000e+00 0.000000000000000000e+00 0.000000000000000000e+00
5.629124641418457031e-01 0.000000000000000000e+00 0.000000000000000000e+00 0.000000000000000000e+00 0.000000000000000000e+00
5.849875211715698242e-01 0.000000000000000000e+00 0.000000000000000000e+00 0.000000000000000000e+00 0.000000000000000000e+00
6.070624589920043945e-01 0.000000000000000000e+00 0.000000000000000000e+00 0.000000000000000000e+00 0.000000000000000000e+00
6.291375160217285156e-01 0.000000000000000000e+00 0.000000000000000000e+00 0.000000000000000000e+00 0.000000000000000000e+00
6.512124538421630859e-01 0.000000000000000000e+00 0.000000000000000000e+00 0.000000000000000000e+00 0.000000000000000000e+00
6.732875108718872070e-01 0.000000000000000000e+00 0.000000000000000000e+00 0.000000000000000000e+00 0.000000000000000000e+00
6.953624486923217773e-01 0.000000000000000000e+00 0.000000000000000000e+00 0.000000000000000000e+00 0.000000000000000000e+00
7.174375057220458984e-01 0.000000000000000000e+00 0.000000000000000000e+00 0.000000000000000000e+00 0.000000000000000000e+00
7.395124435424804688e-01 0.000000000000000000e+00 0.000000000000000000e+00 0.000000000000000000e+00 0.000000000000000000e+00
7.615875005722045898e-01 0.000000000000000000e+00 0.000000000000000000e+00 0.000000000000000000e+00 0.000000000000000000e+00
7.836624383926391602e-01 0.000000000000000000e+00 0.000000000000000000e+00 0.000000000000000000e+00 0.000000000000000000e+00
8.057374954223632812e-01 0.000000000000000000e+00 0.000000000000000000e+00 0.000000000000000000e+00 0.000000000000000000e+00
8.278124928474426270e-01 0.000000000000000000e+00 0.000000000000000000e+00 0.000000000000000000e+00 0.000000000000000000e+00
8.498874902725219727e-01 0.000000000000000000e+00 0.000000000000000000e+00 0.000000000000000000e+00 0.000000000000000000e+00
8.719625473022460938e-01 0.000000000000000000e+00 0.000000000000000000e+00 0.000000000000000000e+00 0.000000000000000000e+00
8.940374851226806641e-01 0.000000000000000000e+00 0.000000000000000000e+00 0.000000000000000000e+00 0.000000000000000000e+00
9.161125421524047852e-01 0.000000000000000000e+00 0.000000000000000000e+00 0.000000000000000000e+00 0.000000000000000000e+00
9.381874799728393555e-01 0.000000000000000000e+00 0.000000000000000000e+00 0.000000000000000000e+00 0.000000000000000000e+00
9.602625370025634766e-01 0.000000000000000000e+00 0.000000000000000000e+00 0.000000000000000000e+00 0.000000000000000000e+00
9.823374748229980469e-01 0.000000000000000000e+00 0.000000000000000000e+00 0.000000000000000000e+00 0.000000000000000000e+00
1.004412531852722168e+00 0.000000000000000000e+00 0.000000000000000000e+00 0.000000000000000000e+00 0.000000000000000000e+00
1.026487469673156738e+00 0.000000000000000000e+00 0.000000000000000000e+00 0.000000000000000000e+00 0.000000000000000000e+00
1.048562526702880859e+00 0.000000000000000000e+00 0.000000000000000000e+00 0.000000000000000000e+00 0.000000000000000000e+00
1.070637464523315430e+00 0.000000000000000000e+00 4.066045246548614109e-04 0.000000000000000000e+00 4.879254295858336497e-03
1.092712402343750000e+00 0.000000000000000000e+00 2.602268957791113030e-02 8.132090493097227785e-03 1.321464705128299610e-01
1.114787578582763672e+00 0.000000000000000000e+00 2.098079347219084789e-01 8.863978637475977695e-02 4.696282259763648881e-01
1.136862516403198242e+00 0.000000000000000000e+00 5.810378657317969431e-01 3.179647382801015776e-01 7.107447090966977354e-01
1.158937454223632812e+00 4.066045246548613892e-03 7.631966927771748344e-01 5.684331254674962475e-01 6.786229516489636904e-01
1.181012511253356934e+00 1.146624759526709142e-01 7.546579977594227717e-01 6.961069462091227233e-01 5.672133118935316354e-01
1.203087568283081055e+00 4.541772540394801716e-01 6.757767199763796695e-01 6.558530982682914123e-01 4.903650567337628496e-01
1.225162506103515625e+00 7.091182909980782156e-01 5.354981589704524980e-01 6.599191435148400453e-01 4.163630332465780848e-01
1.247237443923950195e+00 6.672380249586274958e-01 4.277479599369141683e-01 5.977086512426462717e-01 3.244704106745793792e-01
1.269312500953674316e+00 5.452566675621691727e-01 3.415478007100835600e-01 5.037830060473732496e-01 3.167449247061370210e-01
1.291387557983398438e+00 3.761091853057467738e-01 2.890958170296064611e-01 3.655374676647203946e-01 2.980411165720133759e-01
1.313462495803833008e+00 2.525014098106689309e-01 2.386768559724036232e-01 2.516882007613591710e-01 3.423610097593932644e-01
1.335537433624267578e+00 1.894777084891653973e-01 2.081815166232890424e-01 1.569493465167765001e-01 4.867056160118690689e-01
1.357612490653991699e+00 1.622352053372896896e-01 1.862248722919265242e-01 1.158822895266354985e-01 6.160058548521150090e-01
1.379687547683715820e+00 1.349927021854139819e-01 1.398719564812723193e-01 7.928788230769796830e-02 5.208603960828774859e-01
1.401762485504150391e+00 1.134426623787063299e-01 1.288936343155910602e-01 5.733123797633545710e-02 4.029450839329676293e-01
1.423837423324584961e+00 1.012445266390604864e-01 9.351904067061811432e-02 3.496798912031807982e-02 3.073930206390751985e-01
1.445912480354309082e+00 6.912276919132644137e-02 9.270583162130839605e-02 2.561608505325626770e-02 2.419296921696425240e-01
1.467987537384033203e+00 7.196900086391046225e-02 8.457374112821117174e-02 3.090194387376946419e-02 2.110277482958730633e-01
1.490062475204467773e+00 7.562844158580421527e-02 8.213411398028200305e-02 1.911041265877848686e-02 1.833786406193424756e-01
1.512137413024902344e+00 6.505672394477782228e-02 6.952937371598129357e-02 2.195664433136251467e-02 1.606087872386702531e-01
1.534212470054626465e+00 4.960575200789309191e-02 7.928788230769796830e-02 1.992362170808820859e-02 1.699606913057320479e-01
1.556287527084350586e+00 4.675952033530905716e-02 7.766146420907853176e-02 1.992362170808820859e-02 1.520700922209181627e-01
1.578362464904785156e+00 3.862742984221183284e-02 7.359541896252991267e-02 1.829720360946876165e-02 1.398719564812723193e-01
1.600437402725219727e+00 3.659440721893752330e-02 8.376053207890143959e-02 2.561608505325626770e-02 1.845984541933070600e-01
1.622512459754943848e+00 4.350668413807017021e-02 6.912276919132644137e-02 2.642929410256598943e-02 1.707739003550417800e-01
1.644587516784667969e+00 4.472649771203475455e-02 8.660676375148547435e-02 3.456138459566322069e-02 1.602021827140153731e-01
1.666662454605102539e+00 5.570481987771600668e-02 7.888127778304310223e-02 4.147366151479586066e-02 2.089947256725987468e-01
1.688737511634826660e+00 6.749635109270699096e-02 1.077501990335382742e-01 4.838593843392850757e-02 2.138739799684570841e-01
1.710812568664550781e+00 7.278220991322019440e-02 1.097832216568125768e-01 5.245198368047711973e-02 2.492485736134300300e-01
1.732887506484985352e+00 9.392564519527298039e-02 1.171021031006000829e-01 5.733123797633545710e-02 3.163383201814821688e-01
1.754962444305419922e+00 1.175087076252549351e-01 1.203549392978389698e-01 7.481523253649449701e-02 4.033516884576224815e-01
1.777037501335144043e+00 1.386521429073077349e-01 1.439380017278209245e-01 9.311243614596326212e-02 5.611142440237086859e-01
1.799112558364868164e+00 1.646748324852188583e-01 1.719937139290063643e-01 1.219813573964584202e-01 7.375806077239185354e-01
1.821187496185302734e+00 2.244456976094834910e-01 2.163136071163862528e-01 1.683342732071126113e-01 9.311243614596326212e-01
1.843262434005737305e+00 2.777108903392703221e-01 2.281051383313772440e-01 2.228192795108640267e-01 8.981893949625887608e-01
1.865337491035461426e+00 3.557789590730037199e-01 2.882826079802967012e-01 3.435808233333578765e-01 5.883567471755843936e-01
1.887412548065185547e+00 4.976839381775503557e-01 3.777356034043662381e-01 4.741008757475683733e-01 4.444187454477634969e-01
1.909487485885620117e+00 7.375806077239185354e-01 4.492979997436218342e-01 6.652050023353531794e-01 4.171762422958877892e-01
1.931562423706054688e+00 9.482017514951367465e-01 5.192339779842579661e-01 8.502100610533152025e-01 4.627159490572322342e-01
1.953637480735778809e+00 1.126294533293966005e+00 6.570729118422560244e-01 9.599932827101277377e-01 5.436302494635496529e-01
1.975712537765502930e+00 9.103875307022346597e-01 8.010109135700769212e-01 9.421026836253137970e-01 6.452813806272650332e-01
1.997787475585937500e+00 3.260968287731988435e-01 9.856093677633840366e-01 9.945546673057910070e-01 8.079231904892095750e-01
2.019862651824951172e+00 2.927552577515002072e-02 1.088886917025718715e+00 9.120139488008540685e-01 9.868291813373485377e-01
2.041937351226806641e+00 0.000000000000000000e+00 9.258385026391193762e-01 5.525755490059566233e-01 1.102304866339329115e+00
2.064012527465820312e+00 0.000000000000000000e+00 4.468583725956926656e-01 1.959833808836431990e-01 9.156733895227477937e-01
2.086087465286254883e+00 0.000000000000000000e+00 8.945299542406950910e-02 2.439627147929168335e-02 3.423610097593932644e-01
2.108162403106689453e+00 0.000000000000000000e+00 2.846231672584029551e-03 4.066045246548614109e-04 3.008873482445974246e-02
2.130237579345703125e+00 0.000000000000000000e+00 0.000000000000000000e+00 0.000000000000000000e+00 0.000000000000000000e+00
2.152312278747558594e+00 0.000000000000000000e+00 0.000000000000000000e+00 0.000000000000000000e+00 0.000000000000000000e+00
2.174387454986572266e+00 0.000000000000000000e+00 0.000000000000000000e+00 0.000000000000000000e+00 0.000000000000000000e+00
2.196462631225585938e+00 0.000000000000000000e+00 0.000000000000000000e+00 0.000000000000000000e+00 0.000000000000000000e+00
2.218537330627441406e+00 0.000000000000000000e+00 0.000000000000000000e+00 0.000000000000000000e+00 0.000000000000000000e+00
2.240612506866455078e+00 0.000000000000000000e+00 0.000000000000000000e+00 0.000000000000000000e+00 0.000000000000000000e+00
2.262687683105468750e+00 0.000000000000000000e+00 0.000000000000000000e+00 0.000000000000000000e+00 0.000000000000000000e+00
2.284762382507324219e+00 0.000000000000000000e+00 0.000000000000000000e+00 0.000000000000000000e+00 0.000000000000000000e+00
2.306837558746337891e+00 0.000000000000000000e+00 0.000000000000000000e+00 0.000000000000000000e+00 0.000000000000000000e+00
2.328912496566772461e+00 0.000000000000000000e+00 0.000000000000000000e+00 0.000000000000000000e+00 0.000000000000000000e+00
2.350987434387207031e+00 0.000000000000000000e+00 0.000000000000000000e+00 0.000000000000000000e+00 0.000000000000000000e+00
2.373062610626220703e+00 0.000000000000000000e+00 0.000000000000000000e+00 0.000000000000000000e+00 0.000000000000000000e+00
2.395137310028076172e+00 0.000000000000000000e+00 0.000000000000000000e+00 0.000000000000000000e+00 0.000000000000000000e+00
2.417212486267089844e+00 0.000000000000000000e+00 0.000000000000000000e+00 0.000000000000000000e+00 0.000000000000000000e+00
2.439287662506103516e+00 0.000000000000000000e+00 0.000000000000000000e+00 0.000000000000000000e+00 0.000000000000000000e+00
2.461362361907958984e+00 0.000000000000000000e+00 0.000000000000000000e+00 0.000000000000000000e+00 0.000000000000000000e+00
2.483437538146972656e+00 0.000000000000000000e+00 0.000000000000000000e+00 0.000000000000000000e+00 0.000000000000000000e+00
2.505512475967407227e+00 0.000000000000000000e+00 0.000000000000000000e+00 0.000000000000000000e+00 0.000000000000000000e+00
2.527587413787841797e+00 0.000000000000000000e+00 0.000000000000000000e+00 0.000000000000000000e+00 0.000000000000000000e+00
2.549662590026855469e+00 0.000000000000000000e+00 0.000000000000000000e+00 0.000000000000000000e+00 0.000000000000000000e+00
2.571737289428710938e+00 0.000000000000000000e+00 0.000000000000000000e+00 0.000000000000000000e+00 0.000000000000000000e+00
2.593812465667724609e+00 0.000000000000000000e+00 0.000000000000000000e+00 0.000000000000000000e+00 0.000000000000000000e+00
2.615887641906738281e+00 0.000000000000000000e+00 0.000000000000000000e+00 0.000000000000000000e+00 0.000000000000000000e+00
2.637962341308593750e+00 0.000000000000000000e+00 0.000000000000000000e+00 0.000000000000000000e+00 0.000000000000000000e+00
2.660037517547607422e+00 0.000000000000000000e+00 0.000000000000000000e+00 0.000000000000000000e+00 0.000000000000000000e+00
2.682112455368041992e+00 0.000000000000000000e+00 0.000000000000000000e+00 0.000000000000000000e+00 0.000000000000000000e+00
2.704187393188476562e+00 0.000000000000000000e+00 0.000000000000000000e+00 0.000000000000000000e+00 0.000000000000000000e+00
2.726262569427490234e+00 0.000000000000000000e+00 0.000000000000000000e+00 0.000000000000000000e+00 0.000000000000000000e+00
2.748337507247924805e+00 0.000000000000000000e+00 0.000000000000000000e+00 0.000000000000000000e+00 0.000000000000000000e+00
2.770412445068359375e+00 0.000000000000000000e+00 0.000000000000000000e+00 0.000000000000000000e+00 0.000000000000000000e+00
2.792487621307373047e+00 0.000000000000000000e+00 0.000000000000000000e+00 0.000000000000000000e+00 0.000000000000000000e+00
2.814562320709228516e+00 0.000000000000000000e+00 0.000000000000000000e+00 0.000000000000000000e+00 0.000000000000000000e+00
2.836637496948242188e+00 0.000000000000000000e+00 0.000000000000000000e+00 0.000000000000000000e+00 0.000000000000000000e+00
2.858712673187255859e+00 0.000000000000000000e+00 0.000000000000000000e+00 0.000000000000000000e+00 0.000000000000000000e+00
2.880787372589111328e+00 0.000000000000000000e+00 0.000000000000000000e+00 0.000000000000000000e+00 0.000000000000000000e+00
2.902862548828125000e+00 0.000000000000000000e+00 0.000000000000000000e+00 0.000000000000000000e+00 0.000000000000000000e+00
2.924937486648559570e+00 0.000000000000000000e+00 0.000000000000000000e+00 0.000000000000000000e+00 0.000000000000000000e+00
2.947012424468994141e+00 0.000000000000000000e+00 0.000000000000000000e+00 0.000000000000000000e+00 0.000000000000000000e+00
2.969087600708007812e+00 0.000000000000000000e+00 0.000000000000000000e+00 0.000000000000000000e+00 0.000000000000000000e+00
2.991162300109863281e+00 0.000000000000000000e+00 0.000000000000000000e+00 0.000000000000000000e+00 0.000000000000000000e+00
3.013237476348876953e+00 0.000000000000000000e+00 0.000000000000000000e+00 0.000000000000000000e+00 0.000000000000000000e+00
3.035312652587890625e+00 0.000000000000000000e+00 0.000000000000000000e+00 0.000000000000000000e+00 0.000000000000000000e+00
3.057387351989746094e+00 0.000000000000000000e+00 0.000000000000000000e+00 0.000000000000000000e+00 0.000000000000000000e+00
3.079462528228759766e+00 0.000000000000000000e+00 0.000000000000000000e+00 0.000000000000000000e+00 0.000000000000000000e+00
3.101537466049194336e+00 0.000000000000000000e+00 0.000000000000000000e+00 0.000000000000000000e+00 0.000000000000000000e+00
3.123612403869628906e+00 0.000000000000000000e+00 0.000000000000000000e+00 0.000000000000000000e+00 0.000000000000000000e+00
3.145687580108642578e+00 0.000000000000000000e+00 0.000000000000000000e+00 0.000000000000000000e+00 0.000000000000000000e+00
3.167762279510498047e+00 0.000000000000000000e+00 0.000000000000000000e+00 0.000000000000000000e+00 0.000000000000000000e+00
3.189837455749511719e+00 0.000000000000000000e+00 0.000000000000000000e+00 0.000000000000000000e+00 0.000000000000000000e+00
3.211912631988525391e+00 0.000000000000000000e+00 0.000000000000000000e+00 0.000000000000000000e+00 0.000000000000000000e+00
3.233987331390380859e+00 0.000000000000000000e+00 0.000000000000000000e+00 0.000000000000000000e+00 0.000000000000000000e+00
3.256062507629394531e+00 0.000000000000000000e+00 0.000000000000000000e+00 0.000000000000000000e+00 0.000000000000000000e+00
3.278137445449829102e+00 0.000000000000000000e+00 8.132090493097228218e-04 4.066045246548614109e-04 1.057171764102639647e-02
3.300212383270263672e+00 0.000000000000000000e+00 3.700101174359238937e-02 7.318881443787505180e-03 2.638863365010050144e-01
3.322287559509277344e+00 0.000000000000000000e+00 3.082062296883849584e-01 1.475974424497146775e-01 1.070589713416250088e+00
3.344362497329711914e+00 0.000000000000000000e+00 8.611883832189963783e-01 5.452566675621691727e-01 1.585351041629304625e+00
3.366437435150146484e+00 1.219813573964584168e-02 1.195417302485292543e+00 9.774772772702867707e-01 1.534525476047446935e+00
3.388512611389160156e+00 2.244456976094834910e-01 1.114909606603629921e+00 1.168988008382726429e+00 1.250308913313698866e+00
3.410587310791015625e+00 1.010412243767330631e+00 9.632461189073666663e-01 1.146218155002054262e+00 1.001873548749578458e+00
3.432662487030029297e+00 1.570306674217074594e+00 7.843401280592275926e-01 1.117755838276214053e+00 8.733865189586422773e-01
3.454737663269042969e+00 1.456457407313713537e+00 6.200719000986636420e-01 1.034401910721967299e+00 7.205032176884144102e-01
3.476812362670898438e+00 1.117349233751559145e+00 5.387509951676913156e-01 8.217477443274748827e-01 6.420285444300261046e-01
3.498887538909912109e+00 8.168684900316165454e-01 4.785735255187718584e-01 6.160058548521150090e-01 6.038077191124691101e-01
3.520962476730346680e+00 5.724991707140448804e-01 3.728563491085079007e-01 4.505178133175863908e-01 7.042390367022198783e-01
3.543037414550781250e+00 4.228687056410558309e-01 3.163383201814821688e-01 3.069864161144203463e-01 1.066523668169701455e+00
3.565112590789794922e+00 3.508997047771453826e-01 2.732382405680668369e-01 2.081815166232890424e-01 1.321464705128299499e+00
3.587187290191650391e+00 2.964146984733939671e-01 2.228192795108640267e-01 1.463776288757500932e-01 1.140932296181541128e+00
3.609262466430664062e+00 2.321711835779258493e-01 1.902909175384751295e-01 1.004313175897507682e-01 8.441109931834922531e-01
3.631337642669677734e+00 1.890711039645105451e-01 1.671144596331480270e-01 7.928788230769796830e-02 6.562597027929463200e-01
3.653412342071533203e+00 1.545097193688473314e-01 1.581691600907410844e-01 6.261709679684865359e-02 5.147613282130545365e-01
3.675487518310546875e+00 1.337728886114493976e-01 1.227945664457681385e-01 4.350668413807017021e-02 4.517376268915510029e-01
3.697562456130981445e+00 1.183219166745646672e-01 1.374323293333431506e-01 4.594631128599933889e-02 3.655374676647203946e-01
3.719637393951416016e+00 9.270583162130839605e-02 1.280804252662813281e-01 3.781422079290210764e-02 3.248770151992342314e-01
3.741712570190429688e+00 8.782657732545005869e-02 1.199483347731841038e-01 3.496798912031807982e-02 2.768976812899606177e-01
3.763787269592285156e+00 7.806806873373338396e-02 1.162888940512903507e-01 2.114343528205279293e-02 2.602268957791112891e-01
3.785862445831298828e+00 6.261709679684865359e-02 1.105964307061222951e-01 2.195664433136251467e-02 2.516882007613591710e-01
3.807937622070312500e+00 6.058407417357434405e-02 1.138492669033611820e-01 2.724250315187571117e-02 2.350174152505098701e-01
3.830012321472167969e+00 5.204537915582226060e-02 1.227945664457681385e-01 2.236324885601737728e-02 2.423362966942973762e-01
3.852087497711181641e+00 7.318881443787504659e-02 1.236077754950778568e-01 2.114343528205279293e-02 2.691721953215182594e-01
3.874162435531616211e+00 7.359541896252991267e-02 1.378389338579980028e-01 3.781422079290210764e-02 2.557542460079078039e-01
3.896237373352050781e+00 8.904639089941464303e-02 1.402785610059271715e-01 3.944063889152155111e-02 3.049533934911460298e-01
3.918312549591064453e+00 1.044973628362993734e-01 1.650814370098737105e-01 4.757272938461878237e-02 3.565921681223134243e-01
3.940387487411499023e+00 1.227945664457681385e-01 1.724003184536612165e-01 5.977086512426462578e-02 4.167696377712329370e-01
3.962462425231933594e+00 1.597955781893605209e-01 1.919173356370945660e-01 8.741997280079519261e-02 5.212670006075322826e-01
3.984537601470947266e+00 1.719937139290063643e-01 2.028956578027758251e-01 9.473885424458269866e-02 7.270088900828921563e-01
4.006612777709960938e+00 2.342042062012001657e-01 2.752712631913411534e-01 1.443446062524758045e-01 1.022610379506976308e+00
4.028687477111816406e+00 2.577872686311821204e-01 2.984477210966682836e-01 2.374570423984390388e-01 1.307233546765379284e+00
4.050762176513671875e+00 3.614714224181717617e-01 3.541525409743842556e-01 3.167449247061370210e-01 1.225506037309752161e+00
4.072837829589843750e+00 4.814197571913558793e-01 4.375064685286308430e-01 4.749140847968780776e-01 7.802740828126789596e-01
4.094912528991699219e+00 6.652050023353531794e-01 4.944311019803114271e-01 6.526002620710524837e-01 5.729057752386996771e-01
4.116987228393554688e+00 9.957744808797555081e-01 6.249511543945219794e-01 9.006290221105179850e-01 5.375311815937267035e-01
4.139062404632568359e+00 1.304793919617450282e+00 7.383938167732282398e-01 1.117349233751559145e+00 6.273907815424510925e-01
4.161137580871582031e+00 1.501997114075057871e+00 8.571223379724478564e-01 1.225506037309752161e+00 7.392070258225380552e-01
4.183212280273437500e+00 1.247462681641114735e+00 1.066117063645046548e+00 1.240143800197327284e+00 8.945299542406950355e-01
4.205287456512451172e+00 4.192092649191621057e-01 1.284057088860052209e+00 1.269012721447822400e+00 1.125481324244656411e+00
4.227362632751464844e+00 3.537459364497293896e-02 1.401159191960652306e+00 1.147437968576018763e+00 1.434500762982350963e+00
4.249437332153320312e+00 0.000000000000000000e+00 1.166141776710142519e+00 7.160305679172108695e-01 1.512975436240739269e+00
4.271512508392333984e+00 0.000000000000000000e+00 5.533887580552663277e-01 2.374570423984390388e-01 1.216154133242690394e+00
4.293587684631347656e+00 0.000000000000000000e+00 9.758508591716673342e-02 2.927552577515002072e-02 4.521442314162058551e-01
4.315662384033203125e+00 0.000000000000000000e+00 3.659440721893752590e-03 0.000000000000000000e+00 4.106705699014100153e-02
4.337737083435058594e+00 0.000000000000000000e+00 0.000000000000000000e+00 0.000000000000000000e+00 0.000000000000000000e+00
4.359812736511230469e+00 0.000000000000000000e+00 0.000000000000000000e+00 0.000000000000000000e+00 0.000000000000000000e+00
4.381887435913085938e+00 0.000000000000000000e+00 0.000000000000000000e+00 0.000000000000000000e+00 0.000000000000000000e+00
4.403962135314941406e+00 0.000000000000000000e+00 0.000000000000000000e+00 0.000000000000000000e+00 0.000000000000000000e+00
