# bins	normalized counts
1.000000000000000000e+00 1.949581596649832549e-02
3.000000000000000000e+00 1.873491723502875711e-02
5.000000000000000000e+00 1.797260339270611434e-02
7.000000000000000000e+00 1.703531819663552799e-02
9.000000000000000000e+00 1.601035149397561988e-02
1.100000000000000000e+01 1.533100405751164179e-02
1.300000000000000000e+01 1.414325011966187373e-02
1.500000000000000000e+01 1.307802242552596160e-02
1.700000000000000000e+01 1.256710057195146134e-02
1.900000000000000000e+01 1.153287990065139310e-02
2.100000000000000000e+01 1.113326863117047004e-02
2.300000000000000000e+01 1.037914832017747431e-02
2.500000000000000000e+01 9.818180660711406729e-03
2.700000000000000000e+01 9.332519865058676659e-03
2.900000000000000000e+01 8.810602755934855354e-03
3.100000000000000000e+01 8.573095760439910021e-03
3.300000000000000000e+01 8.321008397050830979e-03
3.500000000000000000e+01 7.952896840558471014e-03
3.700000000000000000e+01 7.735733003933882579e-03
3.900000000000000000e+01 7.671327020902479754e-03
4.100000000000000000e+01 7.315631498092510336e-03
4.300000000000000000e+01 7.366536283237595621e-03
4.500000000000000000e+01 7.136906246182969996e-03
4.700000000000000000e+01 7.269003543341866734e-03
4.900000000000000000e+01 7.150679674823460195e-03
5.100000000000000000e+01 7.325739546472490038e-03
5.300000000000000000e+01 7.284185456029151386e-03
5.500000000000000000e+01 7.324078772480509605e-03
5.700000000000000000e+01 7.491988387440980980e-03
5.900000000000000000e+01 7.505733252073980288e-03
6.100000000000000000e+01 7.657012192427123214e-03
6.300000000000000000e+01 7.879045350007213636e-03
6.500000000000000000e+01 8.040441799401248923e-03
6.700000000000000000e+01 8.411833164920969746e-03
6.900000000000000000e+01 8.273602840849896348e-03
7.100000000000000000e+01 8.538699946161578194e-03
7.300000000000000000e+01 8.797449088890966357e-03
7.500000000000000000e+01 8.873524387473777711e-03
7.700000000000000000e+01 9.141475234635513744e-03
7.900000000000000000e+01 9.167378761472154761e-03
8.100000000000000000e+01 9.495635115677148949e-03
8.300000000000000000e+01 9.437070099754666860e-03
8.500000000000000000e+01 9.499586154344607375e-03
8.700000000000000000e+01 9.592352683654490828e-03
8.900000000000000000e+01 9.704219050383317349e-03
9.100000000000000000e+01 9.543952937292227851e-03
9.300000000000000000e+01 9.626282892115464729e-03
9.500000000000000000e+01 9.489665655600701757e-03
9.700000000000000000e+01 9.439203735318708877e-03
9.900000000000000000e+01 9.409155223384741903e-03
1.010000000000000000e+02 9.455027922484773861e-03
1.030000000000000000e+02 9.091486187941120317e-03
1.050000000000000000e+02 8.849407577657715171e-03
1.070000000000000000e+02 8.809259727036816007e-03
1.090000000000000000e+02 8.583495084464426786e-03
1.110000000000000000e+02 8.232015548193458154e-03
1.130000000000000000e+02 8.049102096728096706e-03
1.150000000000000000e+02 7.862076869432936196e-03
1.170000000000000000e+02 7.909151305090197578e-03
1.190000000000000000e+02 7.685260893463799654e-03
1.210000000000000000e+02 7.304789768037766966e-03
1.230000000000000000e+02 7.494513493065330274e-03
1.250000000000000000e+02 7.244797063212572198e-03
1.270000000000000000e+02 7.297443893335357756e-03
1.290000000000000000e+02 7.085938524740469785e-03
1.310000000000000000e+02 7.089882529125156492e-03
1.330000000000000000e+02 7.075961356558121973e-03
1.350000000000000000e+02 7.141897787829481689e-03
1.370000000000000000e+02 7.220592540658348456e-03
1.390000000000000000e+02 7.372658777015720678e-03
1.410000000000000000e+02 7.524383923996758386e-03
1.430000000000000000e+02 7.632511699256676677e-03
1.450000000000000000e+02 7.956588993223542156e-03
1.470000000000000000e+02 8.186213245447512485e-03
1.490000000000000000e+02 8.494971626411917595e-03
1.510000000000000000e+02 8.777113437907007112e-03
1.530000000000000000e+02 9.225231649349067975e-03
1.550000000000000000e+02 9.784774125629025834e-03
1.570000000000000000e+02 1.044780065023260748e-02
1.590000000000000000e+02 1.080628303443050345e-02
1.610000000000000000e+02 1.155456232197241834e-02
1.630000000000000000e+02 1.208904372022305551e-02
1.650000000000000000e+02 1.316802758507596913e-02
1.670000000000000000e+02 1.420601138045467920e-02
1.690000000000000000e+02 1.510903006053993490e-02
1.710000000000000000e+02 1.608706400113388627e-02
1.730000000000000000e+02 1.727280478149171086e-02
1.750000000000000000e+02 1.815888995333352768e-02
1.770000000000000000e+02 1.823585896454923624e-02
1.790000000000000000e+02 1.933402496262704925e-02
