# bins	normalized counts
1.000000000000000000e+00 2.321664850022292764e-03
3.000000000000000000e+00 7.742026989180467948e-04
5.000000000000000000e+00 9.297984802001503860e-04
7.000000000000000000e+00 1.496142249455544981e-03
9.000000000000000000e+00 1.424574259248303880e-03
1.100000000000000000e+01 1.911166433448567136e-03
1.300000000000000000e+01 8.105490952850933272e-04
1.500000000000000000e+01 1.408967980000261615e-03
1.700000000000000000e+01 5.543441847379688633e-04
1.900000000000000000e+01 9.956413247187169933e-04
2.100000000000000000e+01 9.610469583393579712e-04
2.300000000000000000e+01 5.703474740219200432e-04
2.500000000000000000e+01 9.108150340335791637e-04
2.700000000000000000e+01 8.924997020199621758e-04
2.900000000000000000e+01 1.086493088134322764e-03
3.100000000000000000e+01 1.612758611888667282e-03
3.300000000000000000e+01 1.301919490623646867e-03
3.500000000000000000e+01 1.660089128731596789e-03
3.700000000000000000e+01 2.154476682168535422e-03
3.900000000000000000e+01 2.156889259469311863e-03
4.100000000000000000e+01 2.223383756945271870e-03
4.300000000000000000e+01 1.930878182061904853e-03
4.500000000000000000e+01 2.435335348494997894e-03
4.700000000000000000e+01 1.745170787058580083e-03
4.900000000000000000e+01 1.825382567822511409e-03
5.100000000000000000e+01 1.329512517434188303e-03
5.300000000000000000e+01 1.040064059651646085e-03
5.500000000000000000e+01 1.483923730261089285e-03
5.700000000000000000e+01 1.376918713364039693e-03
5.900000000000000000e+01 2.268979054551696021e-03
6.100000000000000000e+01 3.103919065944588454e-03
6.300000000000000000e+01 5.115952258260355809e-03
6.500000000000000000e+01 7.354362547379656063e-03
6.700000000000000000e+01 1.091642518624446820e-02
6.900000000000000000e+01 1.430074049446519724e-02
7.100000000000000000e+01 1.523436597090200434e-02
7.300000000000000000e+01 1.271100190219385910e-02
7.500000000000000000e+01 1.138887694413847490e-02
7.700000000000000000e+01 8.795110162005766521e-03
7.900000000000000000e+01 7.120284841157798091e-03
8.100000000000000000e+01 7.486826801309178110e-03
8.300000000000000000e+01 9.409684553009100075e-03
8.500000000000000000e+01 1.877078018744954627e-02
8.700000000000000000e+01 4.217692680975846514e-02
8.900000000000000000e+01 6.358342798625976622e-02
9.100000000000000000e+01 6.103036491224168858e-02
9.300000000000000000e+01 3.968161079359670829e-02
9.500000000000000000e+01 1.803865875001922983e-02
9.700000000000000000e+01 1.194070599459939874e-02
9.900000000000000000e+01 8.471395805316960306e-03
1.010000000000000000e+02 7.450500949733231820e-03
1.030000000000000000e+02 7.797083476955467100e-03
1.050000000000000000e+02 1.000459355866307846e-02
1.070000000000000000e+02 1.101620164856800810e-02
1.090000000000000000e+02 1.197751136108891543e-02
1.110000000000000000e+02 1.289019704660444160e-02
1.130000000000000000e+02 1.032218429909003213e-02
1.150000000000000000e+02 8.024973114010017922e-03
1.170000000000000000e+02 6.389255931427377869e-03
1.190000000000000000e+02 3.914644195109218822e-03
1.210000000000000000e+02 2.765318222734879702e-03
1.230000000000000000e+02 2.029143367062795703e-03
1.250000000000000000e+02 1.706512289800252678e-03
1.270000000000000000e+02 1.268370804453227123e-03
1.290000000000000000e+02 1.225237025870722345e-03
1.310000000000000000e+02 1.127442174243315724e-03
1.330000000000000000e+02 1.634366292642161966e-03
1.350000000000000000e+02 1.976919282895939038e-03
1.370000000000000000e+02 2.168524727546446498e-03
1.390000000000000000e+02 2.161623097030125791e-03
1.410000000000000000e+02 2.253466390490325814e-03
1.430000000000000000e+02 2.726759550869553572e-03
1.450000000000000000e+02 1.907336445776728392e-03
1.470000000000000000e+02 1.748291887408896491e-03
1.490000000000000000e+02 1.534087460089219495e-03
1.510000000000000000e+02 1.337222262319165845e-03
1.530000000000000000e+02 1.026374657322956302e-03
1.550000000000000000e+02 8.149397672932022670e-04
1.570000000000000000e+02 4.147981629250326995e-04
1.590000000000000000e+02 1.074111306379282611e-03
1.610000000000000000e+02 3.733654967695189809e-04
1.630000000000000000e+02 7.622232540147076208e-04
1.650000000000000000e+02 7.044839900001301572e-04
1.670000000000000000e+02 1.080732127046790236e-03
1.690000000000000000e+02 7.432313907855533442e-04
1.710000000000000000e+02 1.036054006726038357e-03
1.730000000000000000e+02 4.987140831518480739e-04
1.750000000000000000e+02 4.648992401000750303e-04
1.770000000000000000e+02 3.871013494590236142e-04
1.790000000000000000e+02 1.160832425011151152e-03
