# bins	normalized counts
1.000000000000000000e+00 1.284071607880841841e-02
3.000000000000000000e+00 1.135537116197369439e-02
5.000000000000000000e+00 1.031764840725562203e-02
7.000000000000000000e+00 1.059093727401050865e-02
9.000000000000000000e+00 9.828433775350595494e-03
1.100000000000000000e+01 9.425575650340595885e-03
1.300000000000000000e+01 9.066889603054561000e-03
1.500000000000000000e+01 8.379126165659073894e-03
1.700000000000000000e+01 7.805633915209858609e-03
1.900000000000000000e+01 7.358261312344840585e-03
2.100000000000000000e+01 6.684792985849262632e-03
2.300000000000000000e+01 6.439662083673475777e-03
2.500000000000000000e+01 6.235695865325474770e-03
2.700000000000000000e+01 6.057850050679300206e-03
2.900000000000000000e+01 6.123299107055178540e-03
3.100000000000000000e+01 5.488522355725280848e-03
3.300000000000000000e+01 5.349080693987084793e-03
3.500000000000000000e+01 4.945681780616358394e-03
3.700000000000000000e+01 5.217975871435551020e-03
3.900000000000000000e+01 4.953855781513220521e-03
4.100000000000000000e+01 4.847079760799326981e-03
4.300000000000000000e+01 4.906051303509705031e-03
4.500000000000000000e+01 4.755914371121284720e-03
4.700000000000000000e+01 4.714601280967387932e-03
4.900000000000000000e+01 4.948327907839606202e-03
5.100000000000000000e+01 4.927749749533432214e-03
5.300000000000000000e+01 4.986960884523503404e-03
5.500000000000000000e+01 5.004040295020420817e-03
5.700000000000000000e+01 5.471045890185054043e-03
5.900000000000000000e+01 5.678964565375219618e-03
6.100000000000000000e+01 5.800790171285612543e-03
6.300000000000000000e+01 6.289463780524397196e-03
6.500000000000000000e+01 6.464976615776813970e-03
6.700000000000000000e+01 7.242012166443358157e-03
6.900000000000000000e+01 8.258766457142579717e-03
7.100000000000000000e+01 9.453569215898148526e-03
7.300000000000000000e+01 1.038219542125394003e-02
7.500000000000000000e+01 1.200121443452921433e-02
7.700000000000000000e+01 1.323060322384628229e-02
7.900000000000000000e+01 1.413700274799630126e-02
8.100000000000000000e+01 1.524647216248092504e-02
8.300000000000000000e+01 1.509897170904007067e-02
8.500000000000000000e+01 1.552633379819272699e-02
8.700000000000000000e+01 1.581088814453810582e-02
8.900000000000000000e+01 1.600866764908486992e-02
9.100000000000000000e+01 1.594908731755969797e-02
9.300000000000000000e+01 1.571572739124273491e-02
9.500000000000000000e+01 1.547365389442994371e-02
9.700000000000000000e+01 1.560055594809676635e-02
9.900000000000000000e+01 1.487597298023357953e-02
1.010000000000000000e+02 1.412255364461527385e-02
1.030000000000000000e+02 1.358142018687268429e-02
1.050000000000000000e+02 1.208344470595141412e-02
1.070000000000000000e+02 1.064026713601082252e-02
1.090000000000000000e+02 9.506072377205104784e-03
1.110000000000000000e+02 8.509446454462029144e-03
1.130000000000000000e+02 7.429996312040399072e-03
1.150000000000000000e+02 6.964208651708259784e-03
1.170000000000000000e+02 6.427956149267909959e-03
1.190000000000000000e+02 6.238646851813181224e-03
1.210000000000000000e+02 5.635942106546619305e-03
1.230000000000000000e+02 5.780536275935862882e-03
1.250000000000000000e+02 5.504444324522464287e-03
1.270000000000000000e+02 5.255134350892111221e-03
1.290000000000000000e+02 5.066456779520297701e-03
1.310000000000000000e+02 5.151297681499566843e-03
1.330000000000000000e+02 5.092777854307017210e-03
1.350000000000000000e+02 5.042753576127755391e-03
1.370000000000000000e+02 5.199291334791971038e-03
1.390000000000000000e+02 5.087055609795189219e-03
1.410000000000000000e+02 4.962870987667020520e-03
1.430000000000000000e+02 5.397093381024125822e-03
1.450000000000000000e+02 5.366064731968749751e-03
1.470000000000000000e+02 5.474083553437608489e-03
1.490000000000000000e+02 5.659264145015277352e-03
1.510000000000000000e+02 5.757598013705011140e-03
1.530000000000000000e+02 6.089092186061863775e-03
1.550000000000000000e+02 6.601514406402156886e-03
1.570000000000000000e+02 6.813554527088564947e-03
1.590000000000000000e+02 7.258679891087951343e-03
1.610000000000000000e+02 7.602229715832889770e-03
1.630000000000000000e+02 8.130666526968135729e-03
1.650000000000000000e+02 8.559970615277604986e-03
1.670000000000000000e+02 9.268656270160078453e-03
1.690000000000000000e+02 1.065952325125268420e-02
1.710000000000000000e+02 1.075324949959944459e-02
1.730000000000000000e+02 1.067240602227212398e-02
1.750000000000000000e+02 1.218914614674204699e-02
1.770000000000000000e+02 1.094885429459994085e-02
1.790000000000000000e+02 1.113403862529595278e-02
