# bins	emim	tam	tf2n	[6.26399994 3.46200001 7.29995632]
1.014999999999999930e-02 0.000000000000000000e+00 0.000000000000000000e+00 0.000000000000000000e+00
3.044999999999999790e-02 0.000000000000000000e+00 0.000000000000000000e+00 0.000000000000000000e+00
5.074999999999999650e-02 0.000000000000000000e+00 0.000000000000000000e+00 0.000000000000000000e+00
7.105000000000000204e-02 0.000000000000000000e+00 0.000000000000000000e+00 0.000000000000000000e+00
9.134999999999998677e-02 0.000000000000000000e+00 0.000000000000000000e+00 0.000000000000000000e+00
1.116499999999999992e-01 0.000000000000000000e+00 0.000000000000000000e+00 0.000000000000000000e+00
1.319500000000000117e-01 0.000000000000000000e+00 0.000000000000000000e+00 0.000000000000000000e+00
1.522499999999999964e-01 0.000000000000000000e+00 0.000000000000000000e+00 0.000000000000000000e+00
1.725499999999999812e-01 0.000000000000000000e+00 0.000000000000000000e+00 0.000000000000000000e+00
1.928499999999999659e-01 0.000000000000000000e+00 0.000000000000000000e+00 0.000000000000000000e+00
2.131500000000000061e-01 0.000000000000000000e+00 0.000000000000000000e+00 0.000000000000000000e+00
2.334499999999999909e-01 0.000000000000000000e+00 0.000000000000000000e+00 0.000000000000000000e+00
2.537499999999999756e-01 0.000000000000000000e+00 0.000000000000000000e+00 0.000000000000000000e+00
2.740500000000000158e-01 0.000000000000000000e+00 0.000000000000000000e+00 0.000000000000000000e+00
2.943500000000000005e-01 0.000000000000000000e+00 0.000000000000000000e+00 0.000000000000000000e+00
3.146499999999999853e-01 0.000000000000000000e+00 0.000000000000000000e+00 0.000000000000000000e+00
3.349499999999999700e-01 0.000000000000000000e+00 0.000000000000000000e+00 0.000000000000000000e+00
3.552499999999999547e-01 0.000000000000000000e+00 0.000000000000000000e+00 0.000000000000000000e+00
3.755499999999999394e-01 0.000000000000000000e+00 0.000000000000000000e+00 0.000000000000000000e+00
3.958499999999999797e-01 0.000000000000000000e+00 0.000000000000000000e+00 0.000000000000000000e+00
4.161499999999999644e-01 0.000000000000000000e+00 0.000000000000000000e+00 0.000000000000000000e+00
4.364500000000000046e-01 0.000000000000000000e+00 0.000000000000000000e+00 0.000000000000000000e+00
4.567499999999999893e-01 0.000000000000000000e+00 0.000000000000000000e+00 0.000000000000000000e+00
4.770499999999999741e-01 0.000000000000000000e+00 0.000000000000000000e+00 0.000000000000000000e+00
4.973499999999999588e-01 0.000000000000000000e+00 0.000000000000000000e+00 0.000000000000000000e+00
5.176499999999999435e-01 0.000000000000000000e+00 0.000000000000000000e+00 0.000000000000000000e+00
5.379499999999999282e-01 0.000000000000000000e+00 0.000000000000000000e+00 0.000000000000000000e+00
5.582499999999999130e-01 0.000000000000000000e+00 0.000000000000000000e+00 0.000000000000000000e+00
5.785500000000000087e-01 0.000000000000000000e+00 0.000000000000000000e+00 0.000000000000000000e+00
5.988499999999999934e-01 0.000000000000000000e+00 0.000000000000000000e+00 0.000000000000000000e+00
6.191499999999999782e-01 0.000000000000000000e+00 0.000000000000000000e+00 0.000000000000000000e+00
6.394499999999999629e-01 0.000000000000000000e+00 0.000000000000000000e+00 0.000000000000000000e+00
6.597499999999999476e-01 0.000000000000000000e+00 0.000000000000000000e+00 0.000000000000000000e+00
6.800499999999999323e-01 0.000000000000000000e+00 0.000000000000000000e+00 0.000000000000000000e+00
7.003499999999999170e-01 0.000000000000000000e+00 0.000000000000000000e+00 0.000000000000000000e+00
7.206499999999999018e-01 0.000000000000000000e+00 0.000000000000000000e+00 0.000000000000000000e+00
7.409499999999999975e-01 0.000000000000000000e+00 0.000000000000000000e+00 0.000000000000000000e+00
7.612499999999999822e-01 0.000000000000000000e+00 0.000000000000000000e+00 0.000000000000000000e+00
7.815499999999999670e-01 0.000000000000000000e+00 0.000000000000000000e+00 0.000000000000000000e+00
8.018499999999999517e-01 0.000000000000000000e+00 0.000000000000000000e+00 0.000000000000000000e+00
8.221499999999999364e-01 0.000000000000000000e+00 0.000000000000000000e+00 0.000000000000000000e+00
8.424499999999999211e-01 0.000000000000000000e+00 0.000000000000000000e+00 0.000000000000000000e+00
8.627499999999999059e-01 0.000000000000000000e+00 0.000000000000000000e+00 0.000000000000000000e+00
8.830499999999998906e-01 0.000000000000000000e+00 0.000000000000000000e+00 0.000000000000000000e+00
9.033499999999999863e-01 0.000000000000000000e+00 0.000000000000000000e+00 0.000000000000000000e+00
9.236499999999999710e-01 0.000000000000000000e+00 0.000000000000000000e+00 0.000000000000000000e+00
9.439499999999999558e-01 0.000000000000000000e+00 0.000000000000000000e+00 0.000000000000000000e+00
9.642499999999999405e-01 0.000000000000000000e+00 0.000000000000000000e+00 0.000000000000000000e+00
9.845499999999999252e-01 0.000000000000000000e+00 0.000000000000000000e+00 0.000000000000000000e+00
1.004849999999999799e+00 0.000000000000000000e+00 0.000000000000000000e+00 0.000000000000000000e+00
1.025150000000000006e+00 0.000000000000000000e+00 0.000000000000000000e+00 0.000000000000000000e+00
1.045449999999999768e+00 0.000000000000000000e+00 0.000000000000000000e+00 0.000000000000000000e+00
1.065749999999999975e+00 0.000000000000000000e+00 0.000000000000000000e+00 0.000000000000000000e+00
1.086049999999999738e+00 0.000000000000000000e+00 0.000000000000000000e+00 0.000000000000000000e+00
1.106349999999999945e+00 2.962454372775806533e-02 0.000000000000000000e+00 0.000000000000000000e+00
1.126649999999999929e+00 9.784942577541582143e-01 0.000000000000000000e+00 0.000000000000000000e+00
1.146949999999999914e+00 4.200495006174651103e+00 0.000000000000000000e+00 0.000000000000000000e+00
1.167250000000000121e+00 8.340856610155643835e+00 0.000000000000000000e+00 4.421573690710159247e-04
1.187549999999999883e+00 9.849055396056879630e+00 3.625690426382330300e-02 3.979416321639143647e-03
1.207850000000000090e+00 7.866421753142444295e+00 3.139317320404212963e-01 9.594814908841045598e-02
1.228149999999999853e+00 5.702503588908892418e+00 5.849741992809540658e-01 5.938173466623744012e-01
1.248450000000000060e+00 4.039107566463730592e+00 4.364093232730927308e-01 1.453813429505500299e+00
1.268749999999999822e+00 2.734301170335162290e+00 2.418600808818457126e-01 2.257213369107536227e+00
1.289050000000000029e+00 1.719107850948109917e+00 1.229197486017424290e-01 2.908953331118213637e+00
1.309349999999999792e+00 1.046586492591094597e+00 1.096550275296119537e-01 3.670790478027574189e+00
1.329649999999999999e+00 8.104744575071721746e-01 1.233619059708134374e-01 4.691731843212550324e+00
1.349949999999999761e+00 7.565312584805082841e-01 1.795158918428324535e-01 6.147313902194333934e+00
1.370249999999999968e+00 8.259499654246577061e-01 2.489345987869819588e-01 7.765167715625181266e+00
1.390549999999999731e+00 1.016077634125194473e+00 2.648522640735385125e-01 8.153381885669533702e+00
1.410849999999999937e+00 1.181444490157754545e+00 2.714846246096037641e-01 7.207607273226630085e+00
1.431149999999999700e+00 1.248210252887477889e+00 2.237316287499340473e-01 5.589311302426712480e+00
1.451449999999999907e+00 1.054103167865301893e+00 1.777472623665483920e-01 3.980300636377285262e+00
1.471749999999999892e+00 7.777548121959170224e-01 1.521021349604294859e-01 2.834228735745211836e+00
1.492049999999999876e+00 5.863006713881671050e-01 1.353001549357308597e-01 2.038787628786454587e+00
1.512350000000000083e+00 4.682446538462058383e-01 1.162873880656771913e-01 1.552414522808336805e+00
1.532649999999999846e+00 3.890984847824940362e-01 1.070020833151858475e-01 1.189403322801032781e+00
1.552950000000000053e+00 3.829082816154997793e-01 9.020010329048724906e-02 8.936000428925231498e-01
1.573249999999999815e+00 3.966151600567012769e-01 8.356774275442201139e-02 7.401714358248806525e-01
1.593550000000000022e+00 4.930054665141827552e-01 6.101771693180019912e-02 6.185781593303513182e-01
1.613849999999999785e+00 6.707527288807311194e-01 7.384028063485965909e-02 5.920487171860903119e-01
1.634149999999999991e+00 1.037301187840603323e+00 6.676576272972339909e-02 6.092928545798599327e-01
1.654449999999999754e+00 1.585576325488663008e+00 7.958832643278286600e-02 6.530664341178905596e-01
1.674749999999999961e+00 2.401356671424687672e+00 1.030226669935467160e-01 7.171792526331878248e-01
1.695049999999999724e+00 3.290977297995571593e+00 1.410482007336540666e-01 8.670706007482622546e-01
1.715349999999999930e+00 4.276546073654865943e+00 1.746521607830512912e-01 9.581550187768914650e-01
1.735649999999999693e+00 4.890260501925435932e+00 2.042767045108093427e-01 1.060735528401367089e+00
1.755949999999999900e+00 5.134331369652636923e+00 1.941070850221759958e-01 1.093897331081693292e+00
1.776249999999999885e+00 4.808019231278227501e+00 1.750943181521223135e-01 1.059851213663225211e+00
1.796549999999999869e+00 3.875509339907454720e+00 1.246883780780264905e-01 1.027573725721040887e+00
1.816850000000000076e+00 2.918238635868704911e+00 8.224127064720895830e-02 9.205716424058550951e-01
1.837149999999999839e+00 1.979980698700009256e+00 5.659614324109003836e-02 8.241813359483737278e-01
1.857450000000000045e+00 1.270318121341028839e+00 5.438535639573496144e-02 7.366341768723124739e-01
1.877749999999999808e+00 7.865979595773373578e-01 4.775299585966971683e-02 7.078939478826964393e-01
1.898050000000000015e+00 5.332417870996452036e-01 5.438535639573496144e-02 7.224851410620399816e-01
1.918349999999999778e+00 4.156279269267549870e-01 6.234418903901324527e-02 8.356774275442201416e-01
1.938649999999999984e+00 3.541680526258837447e-01 7.737753958742778215e-02 9.090755508100086812e-01
1.958949999999999747e+00 3.475356920898184931e-01 7.339812326578863677e-02 1.121311087964096398e+00
1.979249999999999954e+00 3.687592458052272870e-01 7.207165115857559756e-02 1.489186019031181640e+00
1.999549999999999939e+00 4.669181817389927991e-01 8.798931644513216521e-02 1.883590392242527889e+00
2.019849999999999923e+00 6.548350635941745379e-01 1.100971848986829621e-01 2.617571624900414395e+00
2.040149999999999686e+00 8.263921227937287561e-01 1.366266270429439267e-01 3.484200068279605489e+00
2.060449999999999893e+00 1.054987482603443993e+00 1.834953081644715989e-01 4.884512456127512614e+00
2.080750000000000099e+00 1.125290504285735516e+00 2.339012482385674219e-01 6.408186749946233718e+00
2.101049999999999862e+00 1.033763928888035144e+00 2.484924414179109364e-01 7.747923578231412201e+00
2.121349999999999625e+00 8.896206265708840322e-01 2.542404872158341433e-01 8.076004346082106267e+00
2.141649999999999832e+00 7.335390752888154564e-01 2.268267303334311757e-01 6.716370436188731752e+00
2.161950000000000038e+00 7.503410553135140271e-01 1.613874397109208159e-01 5.163071598642252624e+00
2.182249999999999801e+00 8.759137481296825900e-01 1.238040633398844598e-01 4.012578124319469808e+00
2.202549999999999564e+00 1.401638859955120386e+00 9.992756541004960136e-02 3.115882979843449085e+00
2.222849999999999770e+00 2.182046616365463709e+00 1.494491907460033797e-01 2.364215452422722130e+00
2.243149999999999977e+00 3.394884279727260257e+00 2.626414772281834287e-01 1.664280337183303926e+00
2.263449999999999740e+00 4.821283952350357893e+00 3.895406421515650308e-01 9.015588755358014961e-01
2.283749999999999947e+00 6.764565589417472324e+00 2.856336604198762563e-01 2.484924414179109364e-01
2.304050000000000153e+00 9.661580671570769496e+00 5.969124482458714603e-02 1.635982265562758997e-02
2.324349999999999916e+00 1.019305382919412928e+01 3.537258952568127397e-03 0.000000000000000000e+00
2.344649999999999679e+00 6.581070281253000864e+00 0.000000000000000000e+00 0.000000000000000000e+00
2.364949999999999886e+00 2.385439006138130758e+00 0.000000000000000000e+00 0.000000000000000000e+00
2.385250000000000092e+00 2.608728477518993949e-01 0.000000000000000000e+00 0.000000000000000000e+00
2.405549999999999855e+00 2.210786845355079515e-03 0.000000000000000000e+00 0.000000000000000000e+00
2.425849999999999618e+00 0.000000000000000000e+00 0.000000000000000000e+00 0.000000000000000000e+00
2.446149999999999824e+00 0.000000000000000000e+00 0.000000000000000000e+00 0.000000000000000000e+00
2.466450000000000031e+00 0.000000000000000000e+00 0.000000000000000000e+00 0.000000000000000000e+00
2.486749999999999794e+00 0.000000000000000000e+00 0.000000000000000000e+00 0.000000000000000000e+00
2.507049999999999557e+00 0.000000000000000000e+00 0.000000000000000000e+00 0.000000000000000000e+00
2.527349999999999763e+00 0.000000000000000000e+00 0.000000000000000000e+00 0.000000000000000000e+00
2.547649999999999970e+00 0.000000000000000000e+00 0.000000000000000000e+00 0.000000000000000000e+00
2.567949999999999733e+00 0.000000000000000000e+00 0.000000000000000000e+00 0.000000000000000000e+00
2.588249999999999496e+00 0.000000000000000000e+00 0.000000000000000000e+00 0.000000000000000000e+00
2.608550000000000146e+00 0.000000000000000000e+00 0.000000000000000000e+00 0.000000000000000000e+00
2.628849999999999909e+00 0.000000000000000000e+00 0.000000000000000000e+00 0.000000000000000000e+00
2.649149999999999672e+00 0.000000000000000000e+00 0.000000000000000000e+00 0.000000000000000000e+00
2.669449999999999878e+00 0.000000000000000000e+00 0.000000000000000000e+00 0.000000000000000000e+00
2.689750000000000085e+00 0.000000000000000000e+00 0.000000000000000000e+00 0.000000000000000000e+00
2.710049999999999848e+00 0.000000000000000000e+00 0.000000000000000000e+00 0.000000000000000000e+00
2.730349999999999611e+00 0.000000000000000000e+00 0.000000000000000000e+00 0.000000000000000000e+00
2.750649999999999817e+00 0.000000000000000000e+00 0.000000000000000000e+00 0.000000000000000000e+00
2.770950000000000024e+00 0.000000000000000000e+00 0.000000000000000000e+00 0.000000000000000000e+00
2.791249999999999787e+00 0.000000000000000000e+00 0.000000000000000000e+00 0.000000000000000000e+00
2.811549999999999550e+00 0.000000000000000000e+00 0.000000000000000000e+00 0.000000000000000000e+00
2.831849999999999756e+00 0.000000000000000000e+00 0.000000000000000000e+00 0.000000000000000000e+00
2.852149999999999963e+00 0.000000000000000000e+00 0.000000000000000000e+00 0.000000000000000000e+00
2.872449999999999726e+00 0.000000000000000000e+00 0.000000000000000000e+00 0.000000000000000000e+00
2.892749999999999488e+00 0.000000000000000000e+00 0.000000000000000000e+00 0.000000000000000000e+00
2.913049999999999695e+00 0.000000000000000000e+00 0.000000000000000000e+00 0.000000000000000000e+00
2.933349999999999902e+00 0.000000000000000000e+00 0.000000000000000000e+00 0.000000000000000000e+00
2.953649999999999665e+00 0.000000000000000000e+00 0.000000000000000000e+00 0.000000000000000000e+00
2.973949999999999871e+00 0.000000000000000000e+00 0.000000000000000000e+00 0.000000000000000000e+00
2.994250000000000078e+00 0.000000000000000000e+00 0.000000000000000000e+00 0.000000000000000000e+00
3.014549999999999841e+00 0.000000000000000000e+00 0.000000000000000000e+00 0.000000000000000000e+00
3.034849999999999604e+00 0.000000000000000000e+00 0.000000000000000000e+00 0.000000000000000000e+00
3.055149999999999810e+00 0.000000000000000000e+00 0.000000000000000000e+00 0.000000000000000000e+00
3.075450000000000017e+00 0.000000000000000000e+00 0.000000000000000000e+00 0.000000000000000000e+00
3.095749999999999780e+00 0.000000000000000000e+00 0.000000000000000000e+00 0.000000000000000000e+00
3.116049999999999542e+00 0.000000000000000000e+00 0.000000000000000000e+00 0.000000000000000000e+00
3.136349999999999749e+00 0.000000000000000000e+00 0.000000000000000000e+00 0.000000000000000000e+00
3.156649999999999956e+00 0.000000000000000000e+00 0.000000000000000000e+00 0.000000000000000000e+00
3.176949999999999719e+00 0.000000000000000000e+00 0.000000000000000000e+00 0.000000000000000000e+00
3.197249999999999481e+00 0.000000000000000000e+00 0.000000000000000000e+00 0.000000000000000000e+00
3.217549999999999688e+00 0.000000000000000000e+00 0.000000000000000000e+00 0.000000000000000000e+00
3.237849999999999895e+00 0.000000000000000000e+00 0.000000000000000000e+00 0.000000000000000000e+00
3.258149999999999658e+00 0.000000000000000000e+00 0.000000000000000000e+00 0.000000000000000000e+00
3.278449999999999864e+00 0.000000000000000000e+00 0.000000000000000000e+00 0.000000000000000000e+00
3.298750000000000071e+00 0.000000000000000000e+00 0.000000000000000000e+00 0.000000000000000000e+00
3.319049999999999834e+00 0.000000000000000000e+00 0.000000000000000000e+00 0.000000000000000000e+00
3.339349999999999596e+00 0.000000000000000000e+00 0.000000000000000000e+00 0.000000000000000000e+00
3.359649999999999803e+00 0.000000000000000000e+00 0.000000000000000000e+00 0.000000000000000000e+00
3.379950000000000010e+00 0.000000000000000000e+00 0.000000000000000000e+00 0.000000000000000000e+00
3.400249999999999773e+00 0.000000000000000000e+00 0.000000000000000000e+00 0.000000000000000000e+00
3.420549999999999535e+00 0.000000000000000000e+00 0.000000000000000000e+00 0.000000000000000000e+00
3.440849999999999742e+00 0.000000000000000000e+00 0.000000000000000000e+00 0.000000000000000000e+00
3.461149999999999949e+00 0.000000000000000000e+00 0.000000000000000000e+00 0.000000000000000000e+00
3.481449999999999712e+00 0.000000000000000000e+00 0.000000000000000000e+00 0.000000000000000000e+00
3.501749999999999474e+00 0.000000000000000000e+00 0.000000000000000000e+00 0.000000000000000000e+00
3.522049999999999681e+00 0.000000000000000000e+00 0.000000000000000000e+00 0.000000000000000000e+00
3.542349999999999888e+00 0.000000000000000000e+00 0.000000000000000000e+00 0.000000000000000000e+00
3.562649999999999650e+00 0.000000000000000000e+00 0.000000000000000000e+00 0.000000000000000000e+00
3.582949999999999857e+00 0.000000000000000000e+00 0.000000000000000000e+00 0.000000000000000000e+00
3.603250000000000064e+00 0.000000000000000000e+00 0.000000000000000000e+00 0.000000000000000000e+00
3.623549999999999827e+00 7.074517905136254795e-03 0.000000000000000000e+00 0.000000000000000000e+00
3.643849999999999589e+00 4.682446538462058383e-01 0.000000000000000000e+00 0.000000000000000000e+00
3.664149999999999796e+00 2.918238635868704911e+00 0.000000000000000000e+00 0.000000000000000000e+00
3.684450000000000003e+00 6.889253967495498898e+00 4.421573690710159247e-04 0.000000000000000000e+00
3.704749999999999766e+00 9.239762541477020363e+00 3.581474689475228762e-02 1.326472107213047666e-03
3.725049999999999528e+00 8.003490537554458939e+00 4.487897296070811337e-01 5.305888428852190836e-02
3.745349999999999735e+00 5.650771176727583445e+00 1.029784512566396026e+00 4.567485622503594245e-01
3.765649999999999942e+00 4.116927263420229188e+00 9.347206782161276983e-01 1.295521091378076584e+00
3.785949999999999704e+00 2.842629725757561232e+00 5.279358986707930468e-01 2.190005449008741945e+00
3.806249999999999467e+00 1.816382472143733384e+00 3.033199551827169271e-01 2.870927797378106217e+00
3.826549999999999674e+00 1.120426773225954298e+00 2.104669076778035719e-01 3.501002048304303838e+00
3.846849999999999881e+00 7.653744058619285084e-01 2.423022382509167350e-01 4.278756860500220860e+00
3.867149999999999643e+00 6.857860794291457118e-01 2.679473656570356410e-01 5.468602340670324580e+00
3.887449999999999406e+00 7.529939995279401055e-01 3.050885846590009609e-01 6.845922545326539321e+00
3.907750000000000057e+00 8.493843059854215838e-01 3.294072399579068833e-01 7.599800859592621194e+00
3.928049999999999820e+00 9.639030645748146719e-01 2.988983814920067594e-01 6.991392319750903361e+00
3.948349999999999582e+00 1.024036466768472931e+00 2.374385071911355449e-01 5.592848561379279992e+00
3.968649999999999789e+00 9.289726324182044914e-01 1.697884297232701012e-01 4.153184167684052852e+00
3.988949999999999996e+00 7.609528321712183407e-01 1.428168302099381282e-01 2.989425972289138755e+00
4.009249999999999758e+00 5.761310518995337304e-01 9.108441802862927983e-02 2.144905397363498167e+00
4.029550000000000409e+00 4.682446538462058383e-01 8.312558538535098906e-02 1.613432239740137053e+00
4.049849999999999284e+00 3.789288652938606616e-01 6.455497588436832912e-02 1.299942665068786862e+00
4.070149999999999935e+00 3.439984331372503701e-01 6.190203166994222989e-02 1.035090400995248183e+00
4.090449999999999697e+00 3.952886879494882377e-01 5.217456955037987759e-02 8.874098397255290038e-01
4.110749999999999460e+00 4.837201617636914253e-01 4.465789427617260915e-02 7.521096847897981164e-01
4.131050000000000111e+00 6.729635157260862588e-01 5.217456955037987759e-02 7.419400653011647417e-01
4.151349999999998985e+00 1.068694361044645547e+00 7.030302168229153603e-02 7.689116648144966870e-01
4.171649999999999636e+00 1.620064600276202249e+00 7.118733642043356680e-02 8.423097880802853377e-01
4.191950000000000287e+00 2.476081266797689029e+00 9.417951961212639445e-02 8.966951444760202783e-01
4.212249999999999162e+00 3.594297253178288187e+00 8.843147381420318753e-02 1.028458040459182987e+00
4.232549999999999812e+00 4.680235751616703688e+00 5.615398587201902297e-02 1.137670910619724030e+00
4.252850000000000463e+00 5.620704475630754260e+00 4.686868112152768606e-02 1.165084667502126914e+00
4.273149999999999338e+00 5.825865494879705508e+00 4.465789427617260915e-02 1.240693577613270593e+00
4.293449999999999989e+00 5.392551273190109740e+00 4.023632058546244838e-02 1.138555225357865908e+00
4.313749999999999751e+00 4.458714909712124808e+00 4.288926479988854068e-02 1.020057050446833813e+00
4.334049999999999514e+00 3.236149784230765380e+00 5.129025481223784683e-02 9.391422519068378660e-01
4.354350000000000165e+00 2.320884030253762553e+00 5.261672691945089297e-02 8.511529354617056731e-01
4.374649999999999039e+00 1.426399672623097414e+00 4.156279269267549453e-02 7.591842026949343625e-01
4.394949999999999690e+00 9.325098913707725590e-01 3.360396004939721071e-02 6.645625257137369735e-01
4.415250000000000341e+00 6.172516872231381679e-01 3.227748794218416456e-02 6.866703941672877010e-01
4.435549999999999216e+00 4.284504906298144400e-01 3.669906163289431839e-02 7.397292784558096024e-01
4.455849999999999866e+00 3.568209968403098231e-01 4.510005164524362453e-02 8.860833676183158536e-01
4.476149999999999629e+00 3.559366821021678340e-01 4.952162533595378530e-02 1.016519791494265634e+00
4.496449999999999392e+00 3.727386621268664046e-01 7.428243800393066754e-02 1.295078934009005645e+00
4.516750000000000043e+00 4.549799327740753907e-01 9.594814908841045598e-02 1.715128434626470799e+00
4.537049999999999805e+00 5.796683108521019090e-01 1.087707127914699229e-01 2.213439789569505489e+00
4.557349999999999568e+00 8.078215132927460962e-01 1.242462207089554682e-01 3.138433005666071196e+00
4.577650000000000219e+00 1.003697227791206181e+00 1.591766528655657320e-01 4.145225335040774617e+00
4.597949999999999093e+00 1.125732661654806455e+00 2.002972881891702250e-01 5.759984046888124709e+00
4.618249999999999744e+00 1.092570858974480252e+00 2.153306387375847619e-01 7.222198466405973960e+00
4.638550000000000395e+00 9.126128097625768598e-01 2.246159434880760919e-01 7.976518938041126994e+00
4.658849999999999270e+00 7.631636190165734801e-01 2.117933797850166389e-01 7.084245367255816994e+00
4.679149999999999920e+00 7.034723741919862716e-01 1.582923381274236874e-01 5.645023130929660127e+00
4.699449999999999683e+00 8.122430869834562639e-01 1.043491391007597552e-01 4.443239401794638610e+00
4.719749999999999446e+00 1.227428856541140201e+00 9.152657539770028827e-02 3.619500223215336376e+00
4.740050000000000097e+00 2.052494507227655696e+00 1.534286070676425251e-01 2.978814195431434442e+00
4.760349999999998971e+00 3.159214402012408662e+00 2.904973914796574741e-01 2.262961414905459545e+00
4.780649999999999622e+00 4.600647425183920447e+00 4.903525222997566768e-01 1.356096650940805892e+00
4.800950000000000273e+00 6.231765959686898171e+00 5.168819644440175720e-01 4.496740443452231784e-01
4.821249999999999147e+00 8.687950144876392500e+00 2.002972881891702250e-01 6.588144799158136833e-02
4.841549999999999798e+00 1.014618514807260219e+01 1.503335054841454209e-02 8.843147381420318493e-04
4.861849999999999561e+00 7.281005396492418846e+00 4.421573690710159247e-04 0.000000000000000000e+00
4.882149999999999324e+00 3.022587774969464736e+00 0.000000000000000000e+00 0.000000000000000000e+00
4.902449999999999974e+00 4.532113032977913014e-01 0.000000000000000000e+00 0.000000000000000000e+00
4.922749999999999737e+00 5.748045797923206912e-03 0.000000000000000000e+00 0.000000000000000000e+00
4.943049999999999500e+00 0.000000000000000000e+00 0.000000000000000000e+00 0.000000000000000000e+00
4.963350000000000151e+00 0.000000000000000000e+00 0.000000000000000000e+00 0.000000000000000000e+00
4.983649999999999025e+00 0.000000000000000000e+00 0.000000000000000000e+00 0.000000000000000000e+00
5.003949999999999676e+00 0.000000000000000000e+00 0.000000000000000000e+00 0.000000000000000000e+00
5.024250000000000327e+00 0.000000000000000000e+00 0.000000000000000000e+00 0.000000000000000000e+00
