# bins	rho	['tam_N', 'endC', 'midC', 'branchC']
1.261499989777803421e-02 0.000000000000000000e+00 0.000000000000000000e+00 0.000000000000000000e+00 0.000000000000000000e+00
3.784500062465667725e-02 0.000000000000000000e+00 0.000000000000000000e+00 0.000000000000000000e+00 0.000000000000000000e+00
6.307499855756759644e-02 0.000000000000000000e+00 0.000000000000000000e+00 0.000000000000000000e+00 0.000000000000000000e+00
8.830499649047851562e-02 0.000000000000000000e+00 0.000000000000000000e+00 0.000000000000000000e+00 0.000000000000000000e+00
1.135350018739700317e-01 0.000000000000000000e+00 0.000000000000000000e+00 0.000000000000000000e+00 0.000000000000000000e+00
1.387650072574615479e-01 0.000000000000000000e+00 0.000000000000000000e+00 0.000000000000000000e+00 0.000000000000000000e+00
1.639949977397918701e-01 0.000000000000000000e+00 0.000000000000000000e+00 0.000000000000000000e+00 0.000000000000000000e+00
1.892249882221221924e-01 0.000000000000000000e+00 0.000000000000000000e+00 0.000000000000000000e+00 0.000000000000000000e+00
2.144550085067749023e-01 0.000000000000000000e+00 0.000000000000000000e+00 0.000000000000000000e+00 0.000000000000000000e+00
2.396849989891052246e-01 0.000000000000000000e+00 0.000000000000000000e+00 0.000000000000000000e+00 0.000000000000000000e+00
2.649149894714355469e-01 0.000000000000000000e+00 0.000000000000000000e+00 0.000000000000000000e+00 0.000000000000000000e+00
2.901450097560882568e-01 0.000000000000000000e+00 0.000000000000000000e+00 0.000000000000000000e+00 0.000000000000000000e+00
3.153750002384185791e-01 0.000000000000000000e+00 0.000000000000000000e+00 0.000000000000000000e+00 0.000000000000000000e+00
3.406049907207489014e-01 0.000000000000000000e+00 0.000000000000000000e+00 0.000000000000000000e+00 0.000000000000000000e+00
3.658350110054016113e-01 0.000000000000000000e+00 0.000000000000000000e+00 0.000000000000000000e+00 0.000000000000000000e+00
3.910650014877319336e-01 0.000000000000000000e+00 0.000000000000000000e+00 0.000000000000000000e+00 0.000000000000000000e+00
4.162949919700622559e-01 0.000000000000000000e+00 0.000000000000000000e+00 0.000000000000000000e+00 0.000000000000000000e+00
4.415249824523925781e-01 0.000000000000000000e+00 0.000000000000000000e+00 0.000000000000000000e+00 0.000000000000000000e+00
4.667550027370452881e-01 0.000000000000000000e+00 0.000000000000000000e+00 0.000000000000000000e+00 0.000000000000000000e+00
4.919849932193756104e-01 0.000000000000000000e+00 0.000000000000000000e+00 0.000000000000000000e+00 0.000000000000000000e+00
5.172150135040283203e-01 0.000000000000000000e+00 0.000000000000000000e+00 0.000000000000000000e+00 0.000000000000000000e+00
5.424450039863586426e-01 0.000000000000000000e+00 0.000000000000000000e+00 0.000000000000000000e+00 0.000000000000000000e+00
5.676749944686889648e-01 0.000000000000000000e+00 0.000000000000000000e+00 0.000000000000000000e+00 0.000000000000000000e+00
5.929050445556640625e-01 0.000000000000000000e+00 0.000000000000000000e+00 0.000000000000000000e+00 0.000000000000000000e+00
6.181349754333496094e-01 0.000000000000000000e+00 0.000000000000000000e+00 0.000000000000000000e+00 0.000000000000000000e+00
6.433650255203247070e-01 0.000000000000000000e+00 0.000000000000000000e+00 0.000000000000000000e+00 0.000000000000000000e+00
6.685949563980102539e-01 0.000000000000000000e+00 0.000000000000000000e+00 0.000000000000000000e+00 0.000000000000000000e+00
6.938250064849853516e-01 0.000000000000000000e+00 0.000000000000000000e+00 0.000000000000000000e+00 0.000000000000000000e+00
7.190549969673156738e-01 0.000000000000000000e+00 0.000000000000000000e+00 0.000000000000000000e+00 0.000000000000000000e+00
7.442849874496459961e-01 0.000000000000000000e+00 0.000000000000000000e+00 0.000000000000000000e+00 0.000000000000000000e+00
7.695150375366210938e-01 0.000000000000000000e+00 0.000000000000000000e+00 0.000000000000000000e+00 0.000000000000000000e+00
7.947449684143066406e-01 0.000000000000000000e+00 0.000000000000000000e+00 0.000000000000000000e+00 0.000000000000000000e+00
8.199750185012817383e-01 0.000000000000000000e+00 0.000000000000000000e+00 0.000000000000000000e+00 0.000000000000000000e+00
8.452049493789672852e-01 0.000000000000000000e+00 0.000000000000000000e+00 0.000000000000000000e+00 0.000000000000000000e+00
8.704349994659423828e-01 0.000000000000000000e+00 0.000000000000000000e+00 0.000000000000000000e+00 0.000000000000000000e+00
8.956650495529174805e-01 0.000000000000000000e+00 0.000000000000000000e+00 0.000000000000000000e+00 0.000000000000000000e+00
9.208949804306030273e-01 0.000000000000000000e+00 0.000000000000000000e+00 0.000000000000000000e+00 0.000000000000000000e+00
9.461250305175781250e-01 0.000000000000000000e+00 0.000000000000000000e+00 0.000000000000000000e+00 0.000000000000000000e+00
9.713549613952636719e-01 0.000000000000000000e+00 0.000000000000000000e+00 0.000000000000000000e+00 0.000000000000000000e+00
9.965850114822387695e-01 0.000000000000000000e+00 0.000000000000000000e+00 0.000000000000000000e+00 0.000000000000000000e+00
1.021815061569213867e+00 0.000000000000000000e+00 0.000000000000000000e+00 0.000000000000000000e+00 0.000000000000000000e+00
1.047044992446899414e+00 0.000000000000000000e+00 0.000000000000000000e+00 0.000000000000000000e+00 0.000000000000000000e+00
1.072274923324584961e+00 0.000000000000000000e+00 0.000000000000000000e+00 0.000000000000000000e+00 5.336382083754072879e-03
1.097505092620849609e+00 0.000000000000000000e+00 1.529762864009501060e-02 7.470934917255702204e-03 1.615144977349566024e-01
1.122735023498535156e+00 0.000000000000000000e+00 1.355441049273534704e-01 7.364207275580621215e-02 5.791753354901088002e-01
1.147964954376220703e+00 7.115176111672097750e-04 3.123562313024050852e-01 2.230607711009202632e-01 6.947969473047803657e-01
1.173195004463195801e+00 5.087350919845549935e-02 3.522012175277688395e-01 3.771043339186211929e-01 5.080235743733877429e-01
1.198425054550170898e+00 4.592846180084338981e-01 3.020392259404805491e-01 4.215741846165717566e-01 3.482878706663491974e-01
1.223654985427856445e+00 6.894605652210262781e-01 2.433390230191857517e-01 3.703449166125326597e-01 2.216377358785858454e-01
1.248884916305541992e+00 5.044659863175516845e-01 2.059843484329072216e-01 3.539800115556868687e-01 1.447938338725272001e-01
1.274115085601806641e+00 2.799821799942970313e-01 1.451495926781107837e-01 3.098659196633198332e-01 1.273616523989305471e-01
1.299345016479492188e+00 1.351883461217698590e-01 1.202464762872584442e-01 2.091861776831596686e-01 1.476399043171960357e-01
1.324574947357177734e+00 6.119051456038004239e-02 9.534335989640610465e-02 1.277174112045141585e-01 2.856743208836347026e-01
1.349804997444152832e+00 3.664315697511130038e-02 7.470934917255701857e-02 1.028142948136618051e-01 4.984180866226304296e-01
1.375035047531127930e+00 2.312432236293431725e-02 6.083475575479643793e-02 6.937296708880295870e-02 3.966710682257194587e-01
1.400264978408813477e+00 2.063401072384908261e-02 5.265230322637352162e-02 4.980623278170468599e-02 2.209262182674186226e-01
1.425494909286499023e+00 1.067276416750814576e-02 4.589288592028503005e-02 3.877770980861293404e-02 1.188234410649240264e-01
1.450725078582763672e+00 1.458611102892779995e-02 4.126802144769816522e-02 3.699891578069490483e-02 6.866144947763573592e-02
1.475955009460449219e+00 1.814369908476384796e-02 4.945047397612108153e-02 3.806619219744572513e-02 6.901720828321934731e-02
1.501184940338134766e+00 2.063401072384908261e-02 4.375833308678340333e-02 4.233529786444897858e-02 1.035258124248290140e-01
1.526414990425109863e+00 3.023949847460641327e-02 6.012323814362922209e-02 4.446985069795061224e-02 1.355441049273534704e-01
1.551645040512084961e+00 4.553712711470142560e-02 5.620989128220957309e-02 4.375833308678340333e-02 2.294644296014251572e-01
1.576874971389770508e+00 7.221903753347179433e-02 6.545962022738330277e-02 5.763292650454399091e-02 3.219617190531623985e-01
1.602105021476745605e+00 1.081506768974158789e-01 7.506510797814062996e-02 7.008448469997016761e-02 4.617749296475191501e-01
1.627335071563720703e+00 1.757448499583008084e-01 8.360331931214715073e-02 8.787242497915040418e-02 5.660122596835153175e-01
1.652565002441406250e+00 2.661075865765364368e-01 7.364207275580621215e-02 9.214153064615365762e-02 6.684707956915936222e-01
1.677794933319091797e+00 4.436312305627552743e-01 7.613238439489145026e-02 1.117082649532519373e-01 7.584777735042456115e-01
1.703024983406066895e+00 6.136839396317184114e-01 8.111300767306191262e-02 1.109967473420847284e-01 8.502635453448156300e-01
1.728255033493041992e+00 7.577662558930784442e-01 9.000697781265203090e-02 1.245155819542617115e-01 9.071849542381924536e-01
1.753484964370727539e+00 7.791117842280946837e-01 6.723841425530131810e-02 1.117082649532519373e-01 9.345783822681300590e-01
1.778715014457702637e+00 6.624228959966722563e-01 8.787242497915040418e-02 1.163331294258388021e-01 8.972237076818515567e-01
1.803945064544677734e+00 4.930817045388763420e-01 8.360331931214715073e-02 1.077949180918322813e-01 8.552441686229861340e-01
1.829174995422363281e+00 3.127119901079886688e-01 9.463184228523889574e-02 8.893970139590122448e-02 7.285940338352228096e-01
1.854404926300048828e+00 1.928212726263138499e-01 8.431483692331435964e-02 8.218028408981273292e-02 6.449907145230756589e-01
1.879634976387023926e+00 1.170446470370060110e-01 8.965121900706843339e-02 8.040149006189470371e-02 4.969950514002960396e-01
1.904865026473999023e+00 7.186327872788818294e-02 8.609363095123237497e-02 5.087350919845549935e-02 3.753255398907031637e-01
1.930094957351684570e+00 4.126802144769816522e-02 7.719966081164225669e-02 5.443109725429154389e-02 2.661075865765364368e-01
1.955325007438659668e+00 2.561463400201955190e-02 7.648814320047504778e-02 4.696016233703584342e-02 1.412362458166911416e-01
1.980555057525634766e+00 1.672066386242943015e-02 7.328631395022260075e-02 4.553712711470142560e-02 7.897845483956028589e-02
2.005784988403320312e+00 1.102852297309175195e-02 6.012323814362922209e-02 4.197953905886537412e-02 5.443109725429154389e-02
2.031014919281005859e+00 8.538211334006517300e-03 6.688265544971772059e-02 4.375833308678340333e-02 3.842195100302932959e-02
2.056244850158691406e+00 7.115176111672097750e-03 6.866144947763573592e-02 4.411409189236700779e-02 3.450860414160967365e-02
2.081475019454956055e+00 6.759417306088492429e-03 8.253604289539633043e-02 4.304681547561618749e-02 5.478685605987514834e-02
2.106704950332641602e+00 1.067276416750814576e-02 9.996822436899296949e-02 5.051775039287189489e-02 1.088621945085830878e-01
2.131935119628906250e+00 1.102852297309175195e-02 1.134870589811699526e-01 6.012323814362922209e-02 1.803697144308876732e-01
2.157165050506591797e+00 2.027825191826547815e-02 1.348325873161862476e-01 8.289180170097994182e-02 2.102534540999104751e-01
2.182394981384277344e+00 2.988373966902280882e-02 1.568896332623697654e-01 1.262943759821797407e-01 1.017470183969109987e-01
2.207624912261962891e+00 7.115176111672097403e-02 1.978018959044843261e-01 1.967346194877334919e-01 6.866144947763573592e-02
2.232855081558227539e+00 1.440823162613599773e-01 2.522329931587758423e-01 2.611269632983659883e-01 8.004573125631109232e-02
2.258085012435913086e+00 2.376468821298480527e-01 3.166253369694083664e-01 3.123562313024050852e-01 1.010355007857437898e-01
2.283314943313598633e+00 2.842512856613003125e-01 4.027189679206407136e-01 3.401054181379262742e-01 1.277174112045141585e-01
2.308545112609863281e+00 1.181119234537568174e-01 5.062447803454697137e-01 3.664315697511130177e-01 1.817927496532220910e-01
2.333775043487548828e+00 4.624864472586863104e-03 5.674352949058497630e-01 3.504224234998508103e-01 2.490311639085234230e-01
2.359004974365234375e+00 0.000000000000000000e+00 4.304681547561619026e-01 1.686296738466287193e-01 3.002604319125625199e-01
2.384234905242919922e+00 0.000000000000000000e+00 1.433707986501927545e-01 4.162378025328176967e-02 1.967346194877334919e-01
2.409465074539184570e+00 0.000000000000000000e+00 1.316307580659338040e-02 7.115176111672097750e-04 3.344132772485886029e-02
2.434695005416870117e+00 0.000000000000000000e+00 0.000000000000000000e+00 0.000000000000000000e+00 7.115176111672097750e-04
2.459924936294555664e+00 0.000000000000000000e+00 0.000000000000000000e+00 0.000000000000000000e+00 0.000000000000000000e+00
2.485155105590820312e+00 0.000000000000000000e+00 0.000000000000000000e+00 0.000000000000000000e+00 0.000000000000000000e+00
2.510385036468505859e+00 0.000000000000000000e+00 0.000000000000000000e+00 0.000000000000000000e+00 0.000000000000000000e+00
2.535614967346191406e+00 0.000000000000000000e+00 0.000000000000000000e+00 0.000000000000000000e+00 0.000000000000000000e+00
2.560844898223876953e+00 0.000000000000000000e+00 0.000000000000000000e+00 0.000000000000000000e+00 0.000000000000000000e+00
2.586075067520141602e+00 0.000000000000000000e+00 0.000000000000000000e+00 0.000000000000000000e+00 0.000000000000000000e+00
2.611304998397827148e+00 0.000000000000000000e+00 0.000000000000000000e+00 0.000000000000000000e+00 0.000000000000000000e+00
2.636534929275512695e+00 0.000000000000000000e+00 0.000000000000000000e+00 0.000000000000000000e+00 0.000000000000000000e+00
2.661765098571777344e+00 0.000000000000000000e+00 0.000000000000000000e+00 0.000000000000000000e+00 0.000000000000000000e+00
2.686995029449462891e+00 0.000000000000000000e+00 0.000000000000000000e+00 0.000000000000000000e+00 0.000000000000000000e+00
2.712224960327148438e+00 0.000000000000000000e+00 0.000000000000000000e+00 0.000000000000000000e+00 0.000000000000000000e+00
2.737454891204833984e+00 0.000000000000000000e+00 0.000000000000000000e+00 0.000000000000000000e+00 0.000000000000000000e+00
2.762685060501098633e+00 0.000000000000000000e+00 0.000000000000000000e+00 0.000000000000000000e+00 0.000000000000000000e+00
2.787914991378784180e+00 0.000000000000000000e+00 0.000000000000000000e+00 0.000000000000000000e+00 0.000000000000000000e+00
2.813144922256469727e+00 0.000000000000000000e+00 0.000000000000000000e+00 0.000000000000000000e+00 0.000000000000000000e+00
2.838375091552734375e+00 0.000000000000000000e+00 0.000000000000000000e+00 0.000000000000000000e+00 0.000000000000000000e+00
2.863605022430419922e+00 0.000000000000000000e+00 0.000000000000000000e+00 0.000000000000000000e+00 0.000000000000000000e+00
2.888834953308105469e+00 0.000000000000000000e+00 0.000000000000000000e+00 0.000000000000000000e+00 0.000000000000000000e+00
2.914064884185791016e+00 0.000000000000000000e+00 0.000000000000000000e+00 0.000000000000000000e+00 0.000000000000000000e+00
2.939295053482055664e+00 0.000000000000000000e+00 0.000000000000000000e+00 0.000000000000000000e+00 0.000000000000000000e+00
2.964524984359741211e+00 0.000000000000000000e+00 0.000000000000000000e+00 0.000000000000000000e+00 0.000000000000000000e+00
2.989755153656005859e+00 0.000000000000000000e+00 0.000000000000000000e+00 0.000000000000000000e+00 0.000000000000000000e+00
3.014985084533691406e+00 0.000000000000000000e+00 0.000000000000000000e+00 0.000000000000000000e+00 0.000000000000000000e+00
3.040215015411376953e+00 0.000000000000000000e+00 0.000000000000000000e+00 0.000000000000000000e+00 0.000000000000000000e+00
3.065444946289062500e+00 0.000000000000000000e+00 0.000000000000000000e+00 0.000000000000000000e+00 0.000000000000000000e+00
3.090674877166748047e+00 0.000000000000000000e+00 0.000000000000000000e+00 0.000000000000000000e+00 0.000000000000000000e+00
3.115905046463012695e+00 0.000000000000000000e+00 0.000000000000000000e+00 0.000000000000000000e+00 0.000000000000000000e+00
3.141134977340698242e+00 0.000000000000000000e+00 0.000000000000000000e+00 0.000000000000000000e+00 0.000000000000000000e+00
3.166365146636962891e+00 0.000000000000000000e+00 0.000000000000000000e+00 0.000000000000000000e+00 0.000000000000000000e+00
3.191595077514648438e+00 0.000000000000000000e+00 0.000000000000000000e+00 0.000000000000000000e+00 0.000000000000000000e+00
3.216825008392333984e+00 0.000000000000000000e+00 0.000000000000000000e+00 0.000000000000000000e+00 0.000000000000000000e+00
3.242054939270019531e+00 0.000000000000000000e+00 0.000000000000000000e+00 0.000000000000000000e+00 0.000000000000000000e+00
3.267284870147705078e+00 0.000000000000000000e+00 0.000000000000000000e+00 0.000000000000000000e+00 0.000000000000000000e+00
3.292515039443969727e+00 0.000000000000000000e+00 0.000000000000000000e+00 0.000000000000000000e+00 0.000000000000000000e+00
3.317744970321655273e+00 0.000000000000000000e+00 0.000000000000000000e+00 0.000000000000000000e+00 0.000000000000000000e+00
3.342975139617919922e+00 0.000000000000000000e+00 0.000000000000000000e+00 0.000000000000000000e+00 0.000000000000000000e+00
3.368205070495605469e+00 0.000000000000000000e+00 0.000000000000000000e+00 0.000000000000000000e+00 0.000000000000000000e+00
3.393435001373291016e+00 0.000000000000000000e+00 0.000000000000000000e+00 0.000000000000000000e+00 0.000000000000000000e+00
3.418664932250976562e+00 0.000000000000000000e+00 0.000000000000000000e+00 0.000000000000000000e+00 0.000000000000000000e+00
3.443894863128662109e+00 0.000000000000000000e+00 0.000000000000000000e+00 0.000000000000000000e+00 0.000000000000000000e+00
3.469125032424926758e+00 0.000000000000000000e+00 0.000000000000000000e+00 0.000000000000000000e+00 0.000000000000000000e+00
3.494354963302612305e+00 0.000000000000000000e+00 0.000000000000000000e+00 0.000000000000000000e+00 0.000000000000000000e+00
3.519585132598876953e+00 0.000000000000000000e+00 0.000000000000000000e+00 0.000000000000000000e+00 0.000000000000000000e+00
3.544815063476562500e+00 0.000000000000000000e+00 0.000000000000000000e+00 0.000000000000000000e+00 0.000000000000000000e+00
3.570044994354248047e+00 0.000000000000000000e+00 0.000000000000000000e+00 0.000000000000000000e+00 0.000000000000000000e+00
3.595274925231933594e+00 0.000000000000000000e+00 7.115176111672097750e-04 0.000000000000000000e+00 1.138428177867535640e-02
3.620504856109619141e+00 0.000000000000000000e+00 1.956673430709826925e-02 8.893970139590121754e-03 2.853185620780511189e-01
3.645735025405883789e+00 0.000000000000000000e+00 1.504859747618648713e-01 1.053046064527470432e-01 1.086131633446745681e+00
3.670964956283569336e+00 3.557588055836048875e-04 3.888443745028801191e-01 3.699891578069490761e-01 1.213137527040092589e+00
3.696195125579833984e+00 1.273616523989305471e-01 4.269105667003258442e-01 5.884250644352824189e-01 9.078964718493596209e-01
3.721425056457519531e+00 8.349659167047206454e-01 3.674988461678638241e-01 5.937614465190365065e-01 5.645892244611809829e-01
3.746654987335205078e+00 1.211358733012174671e+00 2.863858384948019253e-01 5.848674763794464715e-01 3.411726945546770806e-01
3.771884918212890625e+00 8.193125292590420772e-01 2.319547412405103815e-01 5.112254036236402177e-01 2.294644296014251572e-01
3.797114849090576172e+00 4.126802144769816660e-01 1.821485084588057024e-01 3.959595506145522359e-01 1.942443078486482677e-01
3.822345018386840820e+00 1.871291317369761786e-01 1.547550804288681248e-01 2.835397680501330897e-01 2.195031830450842047e-01
3.847574949264526367e+00 8.253604289539633043e-02 1.070834004806650724e-01 1.978018959044843261e-01 4.703131409815256569e-01
3.872805118560791016e+00 4.873895636495386569e-02 9.712215392432413386e-02 1.401689693999403352e-01 8.100628003138683475e-01
3.898035049438476562e+00 3.095101608577362565e-02 8.858394259031761309e-02 1.088621945085830878e-01 6.368082619946527911e-01
3.923264980316162109e+00 2.098976952943268706e-02 7.577662558930783887e-02 8.502635453448156855e-02 3.041737787739821619e-01
3.948494911193847656e+00 1.458611102892779995e-02 6.688265544971772059e-02 7.044024350555376512e-02 1.618702565405402138e-01
3.973725080490112305e+00 1.351883461217698486e-02 5.656565008779317755e-02 5.265230322637352162e-02 7.399783156138980966e-02
3.998955011367797852e+00 1.921097550151466479e-02 6.119051456038004239e-02 4.269105667003258303e-02 5.727716769896038645e-02
4.024185180664062500e+00 1.956673430709826925e-02 5.798868531012759536e-02 4.269105667003258303e-02 6.830569067205213840e-02
4.049414634704589844e+00 2.632615161318676081e-02 6.332506739388166217e-02 3.699891578069490483e-02 1.006797419801601784e-01
4.074645042419433594e+00 4.126802144769816522e-02 6.652689664413410919e-02 3.913346861419653849e-02 1.383901753720223060e-01
4.099874973297119141e+00 6.474810261621609386e-02 8.395907811773074825e-02 3.877770980861293404e-02 2.159455949892481741e-01
4.125104904174804688e+00 8.395907811773074825e-02 8.218028408981273292e-02 3.344132772485886029e-02 2.828282504389658669e-01
4.150335311889648438e+00 1.511974923730320663e-01 7.328631395022260075e-02 3.984498622536374740e-02 3.948922741978014295e-01
4.175564765930175781e+00 2.123880069334121157e-01 7.328631395022260075e-02 3.237405130810804693e-02 4.578615827860995080e-01
4.200795173645019531e+00 3.173368545805755336e-01 8.146876647864552401e-02 3.415284533602606920e-02 5.958959993525382304e-01
4.226024627685546875e+00 3.966710682257194587e-01 7.648814320047504778e-02 4.091226264211456076e-02 6.289815682718133960e-01
4.251255035400390625e+00 5.094466095957221885e-01 7.613238439489145026e-02 4.162378025328176967e-02 7.214788577235506928e-01
4.276485443115234375e+00 5.179848209297287509e-01 7.897845483956028589e-02 4.091226264211456076e-02 7.300170690575572552e-01
4.301714897155761719e+00 4.368718132566667967e-01 7.008448469997016761e-02 3.771043339186212068e-02 6.915951180545278909e-01
4.326945304870605469e+00 3.817291983912080577e-01 8.004573125631109232e-02 3.948922741978014295e-02 6.528174082459149430e-01
4.352174758911132812e+00 2.639730337430348239e-01 8.182452528422912152e-02 3.948922741978014295e-02 5.631661892388465374e-01
4.377405166625976562e+00 1.839273024867237316e-01 7.719966081164225669e-02 3.130677489135722663e-02 4.628422060642699565e-01
4.402634620666503906e+00 1.159773706202551907e-01 7.755541961722586808e-02 2.917222205785559991e-02 3.461533178328475291e-01
4.427865028381347656e+00 6.688265544971772059e-02 6.901720828321934731e-02 3.308556891927525584e-02 2.767803507440446120e-01
4.453095436096191406e+00 3.379708653044246475e-02 6.261354978271445326e-02 2.917222205785559991e-02 1.714757442912975549e-01
4.478324890136718750e+00 2.561463400201955190e-02 4.696016233703584342e-02 2.383583997410152616e-02 1.181119234537568174e-01
4.503555297851562500e+00 1.316307580659338040e-02 4.873895636495386569e-02 2.241280475176710835e-02 6.652689664413410919e-02
4.528784751892089844e+00 1.102852297309175195e-02 4.340257428119979888e-02 2.312432236293431725e-02 4.767167994820305232e-02
4.554015159606933594e+00 9.605487750757332396e-03 4.375833308678340333e-02 3.201829250252444248e-02 4.269105667003258303e-02
4.579244613647460938e+00 8.538211334006517300e-03 3.486436294719327811e-02 3.806619219744572513e-02 6.083475575479643793e-02
4.604475021362304688e+00 9.249728945173726208e-03 3.344132772485886029e-02 4.980623278170468599e-02 8.965121900706843339e-02
4.629705429077148438e+00 1.565338744567861332e-02 4.304681547561618749e-02 5.336382083754073052e-02 2.042055544049891924e-01
4.654934883117675781e+00 2.134552833501629152e-02 4.731592114261944787e-02 6.332506739388166217e-02 4.311796723673291254e-01
4.680165290832519531e+00 3.379708653044246475e-02 5.834444411571119982e-02 8.858394259031761309e-02 4.735149702317780762e-01
4.705394744873046875e+00 7.470934917255701857e-02 6.901720828321934731e-02 1.255828583710125179e-01 2.444062994359365582e-01
4.730625152587890625e+00 1.522647687897829005e-01 9.178577184057006011e-02 1.679181562354614965e-01 1.337653108994354412e-01
4.755854606628417969e+00 3.223174778587460376e-01 1.127755413700027437e-01 2.294644296014251572e-01 1.526205275953664842e-01
4.781085014343261719e+00 6.378755384114035420e-01 1.362556225385206654e-01 3.130677489135723079e-01 1.928212726263138499e-01
4.806315422058105469e+00 8.662726915960778928e-01 1.867733729313925672e-01 3.208944426364115921e-01 3.070198492186509975e-01
4.831544876098632812e+00 4.027189679206407136e-01 2.465408522694381710e-01 3.258750659145820960e-01 4.781398347043649411e-01
4.856775283813476562e+00 3.201829250252444248e-02 2.561463400201955398e-01 3.226732366643296213e-01 7.221903753347178601e-01
4.882004737854003906e+00 0.000000000000000000e+00 2.052728308217400266e-01 1.707642266801303321e-01 9.395590055463004520e-01
4.907235145568847656e+00 0.000000000000000000e+00 6.403658500504888496e-02 3.522012175277688256e-02 6.087033163535479074e-01
4.932464599609375000e+00 0.000000000000000000e+00 5.692140889337678200e-03 2.490311639085234213e-03 1.134870589811699526e-01
4.957695007324218750e+00 0.000000000000000000e+00 0.000000000000000000e+00 0.000000000000000000e+00 2.490311639085234213e-03
4.982925415039062500e+00 0.000000000000000000e+00 0.000000000000000000e+00 0.000000000000000000e+00 0.000000000000000000e+00
5.008154869079589844e+00 0.000000000000000000e+00 0.000000000000000000e+00 0.000000000000000000e+00 0.000000000000000000e+00
5.033385276794433594e+00 0.000000000000000000e+00 0.000000000000000000e+00 0.000000000000000000e+00 0.000000000000000000e+00
